0.954347826087 1 2
2.25490196078 9 4
2.44585987261 0 0
3.03025210084 7 3
0.454081632653 11 2
0.23305588585 6 3
1.08791208791 1 0
0.361502347418 4 3
0.553398058252 4 2
0.561475409836 12 0
0.591323210412 8 1
0.244444444444 10 2
66.1686746988 7 3
3.78032036613 4 1
0.959183673469 8 0
0.147712418301 3 0
2.21806853583 9 4
0.837647058824 6 3
1.53875476493 2 0
0.377551020408 4 5
0.675675675676 6 3
1.14285714286 6 6
5.72916666667 2 0
5.18681318681 7 1
908.6875 11 2
9.72772898369 10 0
0.483870967742 13 0
1.0495049505 1 1
0.536290322581 6 3
19.3529411765 8 3
33.106741573 0 0
0.686129848229 8 0
8.94435075885 7 4
1.17647058824 8 4
0.377551020408 4 5
0.526388888889 9 1
9.83941605839 5 4
0.292253521127 7 3
2.46601941748 11 5
2.72437357631 7 3
1.13105175292 11 0
0.377551020408 4 5
10.1616161616 2 3
330.026315789 6 0
0.36783042394 8 0
0.440985732815 1 0
0.0 3 4
1.4094488189 6 3
0.911392405063 7 3
1.17857142857 5 3
8.26422764228 6 7
0.568758344459 6 3
0.568758344459 6 3
0.377551020408 4 5
1.06666666667 12 3
951984.0 10 0
1.20100502513 7 6
0.500683994528 8 2
7624.35433071 6 1
565.505050505 5 6
5.90476190476 5 1
1.47619047619 3 3
15.2078125 8 6
1.16346153846 11 3
344.669565217 5 0
0.908529741863 6 8
0.528735632184 4 2
0.584752635848 12 3
330.0 6 0
1.03278688525 8 1
2.13235294118 2 0
6.26699029126 8 0
0.340611353712 5 4
1.26701570681 8 0
0.4625 5 3
494.222222222 4 0
0.147712418301 3 0
0.954094292804 7 4
0.155172413793 10 0
24.02 7 1
0.744927536232 6 3
167.282051282 1 4
42.3888888889 13 3
0.0 0 0
0.217948717949 8 3
0.0 2 2
3.69565217391 0 0
0.147712418301 3 0
0.0 0 0
2.88888888889 0 0
1.93089123867 11 5
0.0 0 0
0.0 0 0
1.53875476493 2 0
0.0 0 0
0.0909090909091 4 3
0.147712418301 3 0
5.58233532934 1 0
0.406779661017 8 2
17.2284482759 7 4
8.76666666667 9 1
23.9213174748 6 3
0.34965034965 3 5
1.92156862745 5 3
0.668650793651 6 1
0.2 12 2
87.7326820604 4 2
0.538461538462 9 6
0.585416666667 6 3
87.7326820604 4 2
1486.0 0 0
1.92156862745 5 3
132.762589928 5 4
0.190476190476 3 1
0.479274611399 2 0
0.234398782344 4 0
0.645925331192 6 3
0.262881177708 9 2
6248.94736842 4 2
1779.67283951 6 3
0.0612244897959 7 2
1.25763358779 11 4
16.3333333333 10 1
0.952501583281 9 3
0.524207011686 0 0
1.28070175439 0 1
1.38709677419 6 1
0.113821138211 1 0
6.79400749064 7 4
0.336787564767 8 5
7.09713790113 10 2
0.340611353712 5 4
0.501706484642 6 3
0.357746478873 5 2
0.5 10 1
0.64 3 3
2.33561643836 4 1
0.461538461538 8 2
0.579650565262 10 2
2.93413173653 9 3
1.76525821596 6 2
1.25301204819 4 2
0.336405529954 1 0
1.32506887052 8 0
1.38378378378 3 3
18.5862068966 6 3
4930.07162534 10 2
22.0576923077 3 1
2.20461095101 5 6
14.0512333966 7 2
4930.07162534 10 2
1.51470588235 4 4
0.18661971831 13 5
0.654275092937 8 2
2.23448626653 11 0
24.2647058824 3 0
0.234398782344 4 0
2.35714285714 3 1
1.90579710145 9 5
0.521408839779 7 4
0.272727272727 7 1
4.255 7 4
0.0550847457627 6 1
7.09627059844 10 2
0.658536585366 10 3
0.0714285714286 8 1
0.714528944381 7 1
0.384285714286 7 4
0.40157480315 8 4
1.16129032258 7 4
0.240359897172 9 2
0.600684053014 18 0
26650.6666667 6 2
1.57692307692 6 2
7596.54400978 5 2
0.190753424658 6 3
0.247191011236 10 2
0.0574162679426 7 2
1.01937984496 10 1
4.79460580913 8 7
1.61630461313 2 1
2.29460580913 4 0
0.11937716263 9 1
0.600684053014 18 0
0.600684053014 18 0
0.11937716263 9 1
3.17288135593 9 2
0.964646464646 16 0
1.29090909091 4 1
0.679706601467 0 0
0.883720930233 11 0
0.200589970501 5 3
0.600684053014 18 0
310.255555556 2 0
0.674698795181 10 1
0.925749318801 11 4
0.27680798005 9 0
0.142857142857 5 7
1.04443753884 0 0
3.64 9 3
0.191329479769 7 4
0.891472868217 6 4
0.363636363636 0 0
0.363636363636 0 0
0.363636363636 0 0
0.604551920341 9 1
2.88888888889 0 0
0.363636363636 0 0
18.9030470914 6 3
0.365325077399 10 2
1.0 9 4
0.745901639344 8 1
1.28260869565 9 4
1.55538694992 2 4
209.016666667 3 4
0.679054054054 5 3
0.744927536232 6 3
0.725149375339 2 4
0.445234708393 2 2
0.875 6 3
0.206540447504 5 5
0.418604651163 8 4
0.445234708393 2 2
0.413265306122 5 2
0.425655976676 6 0
122.366946779 4 1
0.636363636364 13 3
0.883720930233 11 0
0.0280112044818 8 4
0.564685314685 0 0
0.314741035857 8 5
1.93089123867 11 5
73.2469135802 4 4
37.457605985 1 0
4.11079545455 9 3
0.0582706766917 8 3
3.59292035398 10 1
40.5314070352 11 0
4.48936170213 0 0
0.389331698345 3 4
0.175438596491 5 0
0.518181818182 5 1
1.01680672269 5 4
1.55555555556 7 2
0.682119205298 5 0
1.1 8 2
980.625 4 0
0.298467087466 18 1
7.87700534759 0 0
1.23647294589 0 0
0.682119205298 5 0
0.2 12 2
1.51879699248 4 1
1.15189873418 9 3
2.54959785523 2 1
76.1612903226 5 1
0.472766884532 10 2
1.81368821293 4 1
0.264453009191 7 4
408.071428571 0 0
219.429667519 7 2
12.2368421053 8 3
0.738361266294 6 2
0.454545454545 7 3
0.243567753002 3 9
40.5314070352 11 0
1.11782995604 8 6
0.347619047619 7 1
1.69230769231 6 3
4.325 5 3
0.852760736196 4 2
63.6165803109 10 1
0.359190556492 7 2
6.21222410866 9 2
1.10359408034 6 4
0.798449612403 5 5
2.50279329609 4 4
0.586363636364 1 0
0.365313653137 8 3
15.7073170732 0 0
4.11079545455 9 3
0.972549019608 10 5
1.61584382059 3 2
0.254476908577 8 2
0.070652173913 8 5
0.247191011236 7 0
1.08219178082 7 1
112.0 2 0
1.81818181818 7 2
1.82981715893 13 3
3.03025210084 7 3
0.872235872236 0 0
1.53875476493 2 0
0.0625 6 2
0.848979591837 6 8
3.03025210084 7 3
3.03025210084 7 3
3.03025210084 7 3
0.868131868132 0 0
112.0 2 0
0.872235872236 0 0
15.7073170732 0 0
33.106741573 0 0
1.4137254902 4 6
1.4137254902 4 6
1.4137254902 4 6
1.06729605422 5 1
0.114285714286 1 2
0.149717514124 6 3
0.350609756098 13 1
5.83388157895 10 1
8.26422764228 6 7
1.26642335766 8 2
57.0451306413 4 1
1.26642335766 8 2
0.514285714286 0 0
0.31652173913 6 0
151535.3 7 0
0.3825 6 1
0.740384615385 0 0
3.7057305111 4 1
0.375478927203 1 1
0.2 12 2
22.5141776938 7 4
1.43240651965 14 2
0.113924050633 6 2
0.290858725762 5 8
90.5268292683 7 6
509.628691983 0 0
3.56175298805 8 3
0.679706601467 0 0
0.298913043478 5 2
0.678471575023 5 1
6.46774193548 5 4
9.32327336042 6 5
908.6875 13 1
0.046875 9 4
43.4601503759 6 1
0.349112426036 4 0
1.85483870968 6 1
152.787037037 4 1
1043.82608696 6 4
219.429667519 8 1
0.0716074111167 11 1
12.456686291 1 0
1.86486486486 0 0
0.88864142539 6 1
1.55555555556 4 1
0.0 6 2
1.55555555556 4 1
0.329749103943 6 4
0.115879828326 8 2
1026.0794702 10 2
43.1048387097 11 2
1.09550561798 1 0
19.4337349398 4 7
0.752562225476 13 0
10304.8888889 0 0
0.396325459318 1 1
25.7803468208 0 0
38.0 3 0
0.266666666667 4 5
0.207106124357 1 0
15.7631578947 0 0
0.148936170213 8 5
24.02 7 1
0.465281058101 5 2
0.266666666667 4 5
2.72437357631 7 3
24.2647058824 3 0
2.72437357631 7 3
2.28282828283 10 3
0.148936170213 8 5
1.27521008403 6 6
0.153846153846 1 5
0.148936170213 8 5
0.34965034965 3 5
0.192307692308 5 3
2.67206092337 1 0
0.148936170213 8 5
10.4 0 0
1.70984455959 11 2
1.17457305503 11 1
0.468446601942 4 2
2.73933649289 9 4
4462.68115942 0 0
0.674698795181 10 1
0.2 1 1
0.622242647059 8 1
0.521408839779 7 4
6.21222410866 9 2
2.33812260536 0 0
1.09042553191 6 6
2.36363636364 10 5
3.65887850467 5 0
299.147058824 3 0
299.147058824 3 0
283.400763359 0 0
4930.09090909 11 3
9.71861471861 5 3
0.3828125 4 1
2.04545454545 10 0
0.206785137318 4 0
1.00095419847 2 1
0.0441176470588 7 1
0.768115942029 3 2
8.63793103448 0 0
0.0333333333333 8 3
0.134146341463 2 0
2.68783068783 6 0
0.229862475442 11 2
0.636 3 4
4.08630150653 7 2
6.73504273504 5 5
209.013888889 3 3
1.73255813953 10 4
0.388888888889 3 7
1.93089123867 11 5
11.2105263158 6 4
0.821428571429 3 0
1.05474452555 11 2
2.05772646536 10 1
2.40211640212 2 7
0.391891891892 4 2
2.05772646536 10 1
1.38336933045 3 3
565.521212121 5 5
0.780189959294 6 2
2.51485148515 0 0
2.33812260536 0 0
1.05474452555 11 2
8.63793103448 0 0
14.8898305085 6 4
0.358974358974 8 1
1.51307847082 10 1
0.675417661098 0 1
0.495260663507 4 1
4.08630150653 7 2
141.22392638 10 1
0.954094292804 7 4
0.114748069143 2 0
4.30331753555 10 2
8.76666666667 9 1
7.8538961039 6 4
37.413592233 3 5
0.481553398058 8 2
5.42955589587 7 1
8.47 0 0
332.178082192 6 1
0.114748069143 2 0
0.92375 5 2
0.990386383336 9 1
8.26422764228 6 7
0.133738601824 5 0
0.675417661098 0 1
0.7 1 0
0.34965034965 3 5
6.31775700935 1 0
8.63793103448 0 0
0.718446601942 2 0
1.65957446809 3 4
37.413592233 3 5
1.09342105263 1 0
1.25 7 1
0.36 7 4
18.6034482759 6 3
0.58390578999 5 3
0.45652173913 3 5
0.45652173913 3 5
0.409822419534 1 0
5.67489270386 5 0
0.275510204082 14 1
1.42387543253 9 0
23.914893617 1 0
0.377551020408 3 5
7.09098786828 10 2
0.0 3 4
1.5625 1 0
43.4601503759 6 1
0.45652173913 3 5
0.225806451613 0 0
3.96436525612 4 3
11.908496732 3 2
0.13125 6 1
0.45652173913 3 5
0.0959097320169 5 3
1.0 8 3
0.45652173913 3 5
0.377551020408 3 5
8.70379746835 9 1
952113.0 10 0
0.845945945946 5 1
5.1861575179 2 2
7.09098786828 10 2
6.26699029126 7 0
952114.0 10 0
8.24380165289 2 5
4.11079545455 9 3
0.302209550962 5 2
1.0 8 3
1.86486486486 0 0
0.512605042017 12 3
4.13306451613 5 4
2.645 7 6
0.697068403909 8 4
0.689781021898 5 2
1.08513513514 7 2
0.311688311688 3 1
0.311688311688 3 1
18.2874493927 9 1
8.63793103448 0 0
2.42866756393 9 3
90.5317073171 7 6
0.466840052016 5 3
0.0 6 4
1.56561085973 6 0
0.376923076923 5 4
0.118811881188 5 0
23.9213174748 5 3
0.480182926829 12 3
90.5317073171 7 6
892.709677419 5 1
0.3828125 4 1
466.370242215 0 0
0.422360248447 7 5
6.4861878453 4 1
0.610091743119 9 2
0.255 4 1
0.0 6 2
1.03703703704 12 2
1.76755447942 2 3
980.625 4 0
4930.12396694 11 3
390.378787879 0 0
66.2112211221 0 0
0.422360248447 7 5
1.14195011338 5 2
0.425766871166 8 4
3.71308724832 10 4
3.43434343434 8 0
1.76755447942 2 3
1.58823529412 0 3
0.140404040404 9 0
0.34965034965 3 5
0.296718017415 3 2
6.48526645768 6 1
13.6538461538 0 0
0.304101838755 2 1
3.71428571429 17 0
0.0787037037037 8 3
186.873963516 7 2
8.63793103448 0 0
0.544776119403 7 4
1.93693693694 10 2
1.2015503876 13 3
0.425766871166 8 4
0.806060606061 6 4
1.77276264591 1 0
11.9890909091 9 2
2.51485148515 0 0
0.393617021277 11 2
0.877551020408 5 2
14.8249566724 9 3
63.6165803109 10 1
0.9625 10 3
0.0 2 3
0.125214408233 9 0
2.24157303371 6 1
0.963414634146 8 3
0.213888888889 10 0
2.72437357631 7 3
2330.01515152 7 4
2.72437357631 7 3
52.0485436893 8 2
5.87804878049 0 0
3.12418421464 6 3
4.82978723404 2 2
517841.6 9 1
37.962962963 6 1
2.76851851852 7 3
1.77276264591 1 0
2.72437357631 7 3
0.213888888889 10 0
2.72437357631 7 3
1.51307847082 10 1
0.296718017415 3 2
0.59375 0 0
4.82978723404 2 2
0.67701863354 7 3
2.72437357631 7 3
2.72437357631 7 3
3.12418421464 6 3
2.72437357631 7 3
2.72437357631 7 3
0.298245614035 5 1
2.72437357631 7 3
517842.0 9 1
2.72437357631 7 3
0.134020618557 5 4
4.0 10 7
0.274539877301 7 3
912.668539326 0 0
165.206896552 0 0
3.71428571429 17 0
2.42866756393 9 3
0.830687830688 3 2
1.0 8 3
1.08173076923 5 4
4.4928057554 8 1
9897.11948052 7 4
0.0806451612903 4 0
7596.60513447 3 3
0.486033519553 6 6
0.722222222222 9 2
5.14893617021 3 1
4359.61408451 7 3
1.42387543253 9 0
8.32432432432 6 4
7596.60635697 3 3
0.48406676783 3 8
2.80952380952 7 5
0.887931034483 4 4
0.934117647059 10 0
111.666666667 7 0
1.67399267399 2 0
2.01877934272 5 6
0.551020408163 4 2
11.2510040161 5 1
1.52448545067 5 4
1.15625 3 0
14.9605263158 3 1
3412.51162791 4 4
0.454337899543 5 4
0.0 6 2
2.88888888889 0 0
3.43434343434 8 0
1.11239193084 15 0
1.45217391304 4 1
0.304964539007 6 1
0.28125 4 2
9.16545601291 4 2
0.969168900804 9 5
0.318713450292 9 3
0.0344827586207 0 0
0.46875 1 4
0.63967611336 10 2
175.156862745 7 2
22.0564903846 2 1
1.71084337349 9 2
0.46875 1 4
1.71084337349 9 2
4.48936170213 0 0
0.376237623762 7 4
1.62736535662 3 3
0.837837837838 0 3
0.0814814814815 0 1
90.5317073171 7 6
20.3904958678 4 3
1.92156862745 5 3
132.762589928 5 4
7.7786259542 11 3
54497.4926471 11 1
0.0625 7 2
0.728110599078 6 4
4.09900990099 2 4
0.481553398058 8 2
0.182926829268 9 2
40.540201005 11 0
1.14177852349 10 3
314.947089947 11 0
0.461538461538 4 3
0.84328358209 10 1
0.716216216216 6 1
7.09098786828 11 1
2.80952380952 7 5
7596.61491443 3 3
3.11839166046 2 1
7.09098786828 11 1
5.3 7 2
43.4631578947 6 1
9.5243902439 4 3
2.16477272727 6 3
7596.61613692 3 3
11.2510040161 5 1
0.399232245681 7 1
1.43205574913 4 3
1.94430295648 4 2
23.9213174748 5 3
0.6 4 2
0.0625 7 2
1.38336933045 3 3
0.160377358491 7 2
1.01538461538 2 1
0.728110599078 6 4
0.706857911251 6 3
0.549450549451 8 2
1.05141388175 6 2
0.150747986191 8 1
0.560975609756 6 4
1.53094462541 11 4
0.306569343066 6 5
2.48125755744 3 0
2.54367026497 7 1
0.0960698689956 7 2
208.636158192 14 0
1.10104529617 8 3
43.4631578947 6 1
0.756128702758 1 1
5.32352941176 2 1
0.792682926829 11 1
1.95867768595 4 5
0.331288343558 0 1
0.624229979466 9 2
0.0888888888889 8 3
9.82222222222 3 4
310.259259259 2 1
9.82222222222 3 4
0.492647058824 9 1
0.127530364372 4 1
0.188854489164 6 3
0.0223880597015 4 1
1.55487804878 1 0
0.043795620438 0 1
0.336405529954 2 0
1238.012 9 1
0.630831643002 6 2
0.271739130435 5 3
0.0 6 3
0.674157303371 0 0
0.22905027933 5 3
0.698952879581 6 5
0.22905027933 5 3
0.22905027933 5 3
2.05263157895 0 3
7596.66136919 3 3
0.813138686131 7 3
209.013888889 3 3
11177.3 8 4
0.0 4 5
2.57580174927 6 0
0.34965034965 3 5
1.68888888889 4 3
2.05079580088 4 2
0.800627943485 6 7
0.442553191489 5 0
0.650717703349 0 0
1.375 6 6
1.88888888889 4 6
1.02578648788 13 0
1.63137466307 8 0
0.958083832335 12 6
1.30656370656 8 2
0.240740740741 7 2
0.507243460765 4 4
1.20975609756 11 1
0.785005512679 4 5
67.8962655602 4 3
5.92857142857 0 0
6.46774193548 5 4
9.32269297737 6 5
0.479556744364 8 5
0.529411764706 0 0
0.714285714286 16 3
1.53731343284 0 0
0.26368159204 7 4
1.07694944805 11 2
15.7073170732 0 0
0.677611940299 0 0
390.378787879 0 0
0.345982142857 14 1
12634.7666667 4 8
0.624183006536 9 1
33.1666666667 0 0
2.02105263158 13 2
0.153526970954 2 1
4.5696969697 2 5
0.25 6 5
11.3260869565 8 3
11.1538461538 2 0
0.368932038835 5 0
0.141573033708 6 4
2.88888888889 0 0
1.1017699115 6 4
0.872235872236 0 0
4.82978723404 2 2
2.19696969697 1 2
0.860995850622 11 4
13.0073421439 0 0
1.04255319149 9 1
1.65217391304 0 0
7.72906403941 3 3
7.0 4 0
1.57692307692 6 2
0.487138263666 8 2
0.390681003584 9 2
4.90852713178 2 0
0.155555555556 2 1
1.07383966245 7 5
0.34965034965 4 4
13.6054054054 9 1
0.478901373283 0 0
0.133016627078 10 3
21.1358885017 1 0
0.0596026490066 3 3
0.12170212766 6 1
0.486910994764 8 5
0.34965034965 4 4
0.14406779661 7 3
1.51111111111 8 1
0.34965034965 4 4
0.34965034965 4 4
1.59074733096 8 2
0.269230769231 0 1
1.91482300885 3 1
0.0330188679245 14 2
1.91482300885 3 1
0.785005512679 4 5
0.149405772496 6 3
1.91482300885 3 1
0.442553191489 4 0
19.4576271186 5 3
1043.91304348 4 4
1043.91304348 4 4
0.24358974359 8 2
1043.91304348 4 4
0.173913043478 2 1
1043.91304348 4 4
1043.91304348 4 4
1.43566878981 6 0
1043.91304348 4 4
1.79338842975 4 6
1043.91304348 4 4
0.909523809524 8 3
0.390243902439 4 1
19.3529411765 8 3
1043.91304348 4 4
1.06818181818 9 2
1043.91304348 4 4
1043.91304348 4 4
0.872235872236 0 0
1043.91304348 4 4
1043.91304348 4 4
0.479174627436 8 5
3.34271099744 5 8
1043.91304348 4 4
1043.91304348 4 4
1043.91304348 4 4
1043.91304348 4 4
0.584269662921 12 0
1043.91304348 4 4
0.318713450292 9 3
1.2 4 0
1043.91304348 4 4
1043.91304348 4 4
0.807162534435 6 6
0.0 3 2
1043.91304348 4 4
2.56701030928 5 3
1043.91304348 4 4
7976.64150943 0 0
0.992438563327 4 5
1.60416666667 7 3
1.8869752422 11 2
0.0888888888889 8 3
0.0 0 0
2.50784593438 1 1
0.0938271604938 4 4
1.23076923077 9 2
0.108843537415 5 2
0.818181818182 9 3
152.0 5 6
2.04166666667 6 4
0.0 6 4
1.28048780488 0 0
1.95505617978 6 0
1.78947368421 5 4
2.23499491353 10 0
2427.95 8 1
0.461538461538 5 3
0.204828660436 0 0
1.64069264069 0 0
2.87804878049 0 0
1.23647294589 0 0
21.7852604828 6 1
43.4631578947 6 1
0.408376963351 9 2
0.333333333333 8 1
1.98823529412 0 1
0.070652173913 8 5
0.142857142857 5 7
3.02857142857 7 3
17.0 0 0
0.176870748299 9 1
3.02857142857 7 3
0.0532786885246 10 4
5.71933085502 4 3
0.194642857143 14 0
1.08368200837 10 2
0.549450549451 8 2
3.02857142857 7 3
3.02857142857 7 3
39.2 6 0
0.104166666667 4 2
4.90852713178 2 0
3.02857142857 7 3
0.447058823529 1 0
3.02857142857 7 3
4.88532110092 1 0
40.5540201005 11 0
18.2834008097 9 1
0.235741444867 10 2
0.417808219178 7 2
0.350515463918 7 4
0.468899521531 2 2
1.256 5 8
0.408376963351 9 2
4.28334339167 6 3
0.34965034965 3 5
0.408376963351 9 2
2.30612244898 9 1
22.3685800604 1 0
57.0463182898 5 1
0.797250859107 8 2
7596.69315403 5 3
0.142635658915 3 0
0.608980355472 12 1
3.88459016393 0 0
7596.69315403 5 3
29.1775700935 8 2
6.37880794702 0 0
1.17391304348 7 6
0.261904761905 0 0
0.506329113924 12 2
7.57009345794 0 1
1.34532374101 10 1
0.185410334347 2 4
6.37880794702 0 0
0.118811881188 5 0
0.275510204082 14 1
0.646522234892 11 1
0.258928571429 15 0
0.289532293987 8 2
0.481012658228 8 2
0.125 10 6
0.34965034965 3 5
0.941176470588 8 5
0.34965034965 3 5
0.30534351145 14 2
0.0148148148148 4 0
0.0298507462687 3 0
2.01754385965 2 0
43.4631578947 6 1
2427.95 8 1
0.044106167057 12 1
0.477477477477 3 3
0.152804642166 1 3
2.67206092337 1 0
0.296160877514 8 2
0.460750853242 6 3
0.275510204082 14 1
1.19113263785 5 4
0.405295315682 10 3
10305.0793651 0 0
0.767605633803 5 3
0.296428571429 8 4
6.4861878453 3 1
0.128102836879 10 2
1.11413043478 4 1
0.694690265487 6 5
0.0 0 0
2.46601941748 11 5
53.496124031 3 3
18.2834008097 9 1
4.06801007557 12 3
0.157800358637 5 2
5.42105263158 8 2
0.231802911534 6 3
4.06801007557 12 3
0.872235872236 0 0
0.544360902256 0 0
0.537735849057 8 1
0.259541984733 4 1
0.0 0 0
12.6491596639 5 2
0.376923076923 5 4
0.298467087466 18 1
0.709916132215 8 3
2.29120879121 3 4
0.0223880597015 4 1
0.0 6 2
7.16236162362 0 0
13.6054054054 9 1
1.46666666667 0 0
2.23255813953 4 2
0.328018223235 8 2
18.25 9 3
0.111111111111 9 0
1.56338028169 7 4
3.78796561605 9 7
0.0 2 2
11.3351449275 6 4
0.064 17 1
1.01746724891 4 1
0.223140495868 6 3
0.371225577265 0 0
14.9025423729 6 4
1.76525821596 6 3
0.400576368876 6 1
1.34126984127 4 0
952273.0 10 0
0.137931034483 4 1
9.32269297737 6 5
6.46774193548 5 4
1.23745819398 5 4
0.189873417722 4 4
0.458947368421 11 1
1.11666666667 1 0
0.867816091954 6 5
13.025 1 1
1.11594202899 1 0
0.549615055603 8 1
0.5 6 9
5.52244897959 13 1
3.78796561605 9 7
1.06329113924 8 4
0.878378378378 5 2
0.161189358372 9 2
0.0526315789474 3 0
18979.5285714 0 0
20.3904958678 4 3
0.0727272727273 5 5
2.72437357631 7 3
1.47826086957 8 3
1.256 5 8
4359.66760563 7 4
0.297554073176 4 4
0.020297699594 9 6
1.45360824742 6 1
0.0982142857143 8 1
2.43049327354 1 0
1.06666666667 7 2
4.11578947368 8 1
1.8869752422 11 2
6.4861878453 3 1
3.995951417 3 1
3.995951417 3 1
0.34965034965 4 4
0.932914046122 13 1
7.28723404255 16 0
7.09098786828 11 1
0.31279178338 0 0
2.72437357631 7 3
0.676056338028 1 0
7.09098786828 11 1
7.09098786828 11 1
5.89663461538 8 3
1.86486486486 0 0
13.7576687117 9 1
5.1861575179 1 0
2.72437357631 7 3
2.72437357631 7 3
2.72437357631 7 3
980.625 4 0
0.131578947368 4 2
2.72437357631 7 3
2.72437357631 7 3
1.20100502513 7 6
2.72437357631 7 3
9.78526048285 2 3
0.0 0 0
0.401002506266 6 0
0.69577874818 6 9
0.69577874818 6 9
0.324894514768 10 1
1.01680672269 5 4
1.10920970753 8 2
2.89236111111 6 1
0.872727272727 4 1
0.0822407628129 12 0
2.05772646536 10 1
0.9625 10 3
0.132352941176 0 0
1.20275362319 0 0
25.8271812081 2 0
7.09098786828 11 1
43.4646616541 6 1
1.01680672269 5 4
0.877551020408 5 2
14443.6962025 0 1
122.142857143 9 3
0.0689300411523 7 1
517846.65 9 1
7.09098786828 11 1
0.455882352941 9 4
0.931034482759 1 3
17.1982758621 1 0
1.20853080569 2 0
43.1021505376 11 2
1.66815144766 6 6
0.111111111111 4 1
0.818181818182 5 6
2.80952380952 7 5
1.07894736842 5 1
15.2171052632 1 0
1.56338028169 7 4
1.32644272179 5 3
5.1861575179 1 0
165.206896552 0 0
0.245664739884 4 4
0.424483306836 4 0
1.41558441558 7 3
5.1861575179 1 0
1.49056603774 9 6
1.48909355308 3 0
1.24533715925 3 2
1.64646464646 3 6
4359.66760563 7 4
0.581818181818 8 4
1.85155096012 1 0
2.57692307692 3 1
0.64453125 5 10
1.22821576763 6 2
0.715741789354 10 3
6.26699029126 7 0
8.17692307692 0 0
4.02941176471 0 2
1.71084337349 9 2
8.85483870968 4 2
0.536885245902 12 1
0.649425287356 5 4
2.57692307692 3 1
0.135607321131 9 3
0.159763313609 7 0
161.669172932 0 0
31.1972477064 2 1
0.227586206897 8 4
0.227586206897 8 4
1.98675496689 12 3
7596.71149144 6 1
0.86582278481 2 0
90.5365853659 5 6
1077.28571429 10 0
145.333333333 0 0
13.6054054054 9 1
0.0692810457516 3 2
0.110465116279 0 1
0.227586206897 8 4
0.0398069963812 6 6
33.8718801997 0 0
4.90852713178 2 0
1.21904761905 7 4
2.23076923077 4 2
4.75432525952 7 5
3.82074521652 6 2
0.436607892527 10 2
3.17937219731 2 2
0.132075471698 2 2
0.2 10 3
980.625 5 0
8.40746268657 5 4
4.02941176471 0 2
1.4824120603 11 2
0.129482071713 5 1
0.357142857143 0 0
1.66386554622 4 2
0.412698412698 3 5
4930.14876033 11 4
8.85483870968 4 2
43.4631578947 6 1
0.569892473118 15 4
389.862068966 0 0
7.24193548387 0 1
0.136842105263 5 4
0.664335664336 7 8
12635.1 4 7
132.762589928 5 4
90.5365853659 5 6
3.24071322437 12 3
8.85483870968 4 2
2.88888888889 0 0
0.837254901961 6 2
1.71084337349 9 2
0.0 2 2
2.23499491353 10 0
1.21538461538 7 5
43.4631578947 6 1
2.13461538462 8 3
4.93939393939 7 2
0.5703125 9 1
1.59375 0 0
0.064 17 1
2.45802238806 0 0
7596.72127139 7 2
0.064 17 1
0.30534351145 3 1
0.064 17 1
1.31914893617 4 1
0.064 17 1
0.340611353712 5 4
0.358458961474 8 2
0.757352941176 13 2
0.83908045977 9 1
0.830687830688 3 2
2.11538461538 4 4
297.277333333 0 0
0.297752808989 4 1
2.09541984733 0 0
0.477528089888 10 1
7.8538961039 6 4
0.0 8 2
0.646276595745 2 0
0.95652173913 9 0
0.945945945946 1 1
297.277333333 0 0
5.22784810127 8 0
234.670175439 8 3
0.0 3 0
0.403448275862 6 4
143.382113821 0 0
0.472222222222 9 3
2.25263157895 6 0
0.386893012238 8 0
0.288209606987 8 0
0.276995305164 5 5
0.0655737704918 7 1
0.400630914826 7 4
0.357512953368 5 5
1.29292929293 9 3
7382.896 8 3
0.302083333333 3 0
2.64166666667 8 2
3.77729257642 1 1
0.0 2 1
0.21472392638 3 0
0.276595744681 11 4
1.83229813665 6 2
219.432225064 9 0
7.09098786828 11 1
7.09098786828 11 1
1.2389380531 7 1
1.06779661017 6 5
0.288209606987 8 0
585.5 0 0
1.44247787611 7 2
1.79372197309 7 7
1.28 0 0
19.3529411765 8 3
0.611111111111 5 1
5.00121212121 10 4
1.54385964912 8 2
0.708333333333 10 1
2.57142857143 0 2
0.611111111111 5 1
3.23414634146 9 4
0.399232245681 7 1
1.44943820225 14 3
0.600496277916 7 5
7.09098786828 11 1
18978.2142857 0 0
0.0 6 2
43.4631578947 6 1
7.09098786828 11 1
14.8151515152 6 2
53.75 7 0
0.394190871369 11 1
5.00121212121 10 4
2.78181818182 1 4
0.0555555555556 5 1
13.7576687117 10 1
0.351851851852 9 2
0.0 6 2
0.0861423220974 5 3
3.0 4 4
0.351851851852 9 2
0.351851851852 9 2
90.5365853659 5 6
0.474576271186 5 2
1.76351351351 5 2
90.5365853659 5 6
7.8538961039 5 4
1.78482587065 2 1
0.0 6 4
3.02532617038 4 0
0.0408163265306 6 5
0.311203319502 7 2
0.0555555555556 5 1
1.23662815576 9 1
2.11764705882 6 3
0.0163265306122 9 6
3.17616580311 15 1
0.289282836422 7 4
1044.50531915 0 0
0.34965034965 4 4
0.746113989637 7 6
0.283088235294 8 4
1.1472392638 7 2
0.418181818182 6 4
1.92156862745 3 0
1.97023809524 0 0
0.0833333333333 7 3
0.283693224125 10 0
0.0833333333333 7 3
7.92044198895 4 4
1.28235294118 8 2
3.79083094556 9 7
0.0149253731343 2 5
1.25 0 0
4462.76811594 0 0
0.257197696737 10 3
43.4631578947 6 1
17.2099378882 10 5
1.55172413793 4 4
3.79083094556 9 7
0.0756756756757 8 4
0.205128205128 0 0
0.0549019607843 3 1
0.666666666667 0 0
1.55899419729 0 0
1.82678983834 8 3
182.733333333 4 4
1.35833333333 9 3
0.34965034965 4 4
1.42657342657 0 0
1.42657342657 0 0
2.10569105691 7 2
0.34965034965 4 4
1.08935361217 5 1
0.046130952381 9 2
378.245283019 5 4
17.8575268817 7 3
2.00824175824 10 1
1.88300433317 10 3
0.0143884892086 2 0
0.36443148688 7 1
0.918604651163 10 5
0.266666666667 9 3
4274.0 10 2
0.0666666666667 0 0
0.699714285714 4 5
0.927927927928 10 2
2.57547169811 12 0
364.226415094 9 1
0.0625 0 0
0.278563656148 0 1
0.197080291971 0 0
1.58823529412 4 3
0.298459415958 1 2
1.98333333333 7 3
1.98333333333 7 3
1.10211173483 6 5
0.558776167472 0 2
1.34285714286 7 0
4.72832369942 8 5
0.609336609337 6 2
3.29091928251 5 4
1.57651059377 5 2
0.894808743169 5 3
0.739563862928 0 0
1.42570281124 13 2
0.707188778492 12 0
2.26530612245 9 2
4.48936170213 0 0
7.7037037037 6 1
0.734059097978 12 0
0.587686567164 1 0
0.767326732673 9 1
1.3313253012 0 0
0.161776367962 0 0
0.786108048512 4 5
0.214285714286 3 1
0.62962962963 5 2
0.62962962963 5 2
0.746113989637 11 5
1.16108786611 8 2
0.0 2 1
0.6 4 2
0.114583333333 2 3
0.268867924528 8 1
16.4028268551 0 0
1.04534005038 7 4
0.912844036697 1 1
0.225125628141 0 0
2.11675126904 0 0
0.948453608247 9 1
0.447368421053 5 1
0.424483306836 4 0
0.341708542714 8 3
1.74364191251 6 1
13.6054054054 9 1
1.77959183673 2 0
1.09881422925 8 0
0.401595744681 5 4
952177.0 10 0
0.682741116751 7 4
2.93103448276 6 8
1.62393162393 5 0
0.124463519313 6 3
5.91818181818 6 3
5.91818181818 6 3
0.508728179551 5 2
2.50333333333 1 0
2.88888888889 0 0
10.8407079646 4 4
0.8 6 5
0.282369146006 10 2
0.312865497076 7 0
0.0714285714286 11 3
0.266023823029 6 1
0.165413533835 7 1
0.105263157895 0 0
0.655660377358 5 4
1.8174904943 4 1
32.0 0 0
0.717514124294 4 2
0.794657762938 1 0
1.56812933025 9 4
0.517766497462 5 1
1.53875476493 2 0
0.537837837838 10 3
0.189045936396 0 0
1.41176470588 6 4
0.259124087591 10 1
0.509316770186 15 1
2.73281703775 2 7
95.7940717629 8 1
0.204301075269 11 4
0.275653923541 9 1
0.0545454545455 2 2
124.64 9 1
0.261904761905 15 1
17.2099378882 10 5
2.89562289562 14 2
0.05 1 3
310.266666667 4 1
0.155172413793 9 2
1.13966480447 7 2
0.0833333333333 2 3
4.82978723404 2 2
0.0948275862069 9 6
4.82978723404 2 2
0.732095490716 6 1
0.0833333333333 7 5
0.765441751368 12 2
1.198001998 8 1
0.872235872236 0 0
2.49720670391 4 4
0.126126126126 9 2
0.2 4 0
0.336405529954 2 0
38.6819484241 10 4
0.130699088146 11 0
0.462012320329 1 0
0.267782426778 8 7
1.57651059377 10 1
4.25563909774 4 4
2.35195530726 0 0
2.75871313673 0 1
2.16477272727 6 3
0.0851528384279 4 7
4.25563909774 4 4
980.625 5 0
1.9980952381 4 4
0.139512661252 5 2
0.139512661252 5 2
0.139512661252 5 2
3.74418604651 8 2
1.8869752422 11 2
0.46218487395 1 2
0.430478309232 2 0
0.265009560229 10 3
1.84433962264 5 0
0.387820512821 4 3
0.311377245509 5 5
0.666666666667 2 1
43.4646616541 6 1
3.74064171123 6 3
17.5292207792 0 0
3.32692307692 11 3
364.226415094 8 1
1.59074733096 8 2
21.7852604828 6 1
51.7126245847 9 1
9.63308883456 11 5
0.223776223776 3 1
1.85577351761 0 1
1.09375 10 6
1.35620915033 9 6
1.93089123867 8 3
1.59074733096 8 2
0.682218309859 0 0
0.549342105263 2 3
0.208333333333 4 3
0.183813443073 8 2
0.595166163142 12 2
1.30769230769 3 0
0.307692307692 11 3
0.316129032258 7 0
0.124087591241 1 5
43.4646616541 6 1
3.06428571429 5 4
0.634146341463 10 2
0.408376963351 9 2
0.41918294849 8 1
7.8538961039 5 4
0.872235872236 0 0
0.0940366972477 8 1
5.1568627451 9 3
0.561208958469 12 2
13.6054054054 9 1
2.35978835979 10 2
1.72222222222 6 6
1.86413043478 8 2
2.14285714286 10 2
0.0634920634921 3 9
0.458515283843 6 1
0.238640561507 0 1
0.192307692308 4 1
0.697368421053 7 7
1.59074733096 8 2
209.027777778 10 1
8.28966521106 3 0
13.2150259067 5 2
0.354838709677 0 0
40.5238693467 11 0
1.05474452555 11 2
0.283693224125 10 0
0.384615384615 0 1
2.22203098107 9 1
0.310526315789 8 2
1.35214007782 0 0
0.168224299065 6 0
40.5251256281 11 0
0.208510638298 4 0
51.9818181818 2 3
11177.9 8 5
2.26623376623 6 1
0.0782051282051 3 6
0.0 5 5
0.894736842105 3 2
0.344947735192 10 2
0.485714285714 9 2
1.3522242535 8 6
7.09098786828 11 1
11.0 3 2
76.6530612245 2 2
1.76525821596 6 3
0.310526315789 8 2
7382.936 8 2
0.791044776119 7 4
0.010989010989 0 0
0.181388012618 5 2
0.795180722892 11 4
0.131578947368 2 4
1.21947674419 5 3
1.38938053097 6 2
0.791044776119 7 4
0.591323210412 8 1
0.271153846154 4 3
0.795180722892 11 4
908.6875 12 2
0.75 4 2
0.48 0 0
1.76525821596 6 3
0.697635135135 7 0
0.673360107095 5 4
1.47619047619 3 4
0.408376963351 9 2
3.41605839416 5 1
0.25787965616 1 0
0.742574257426 0 0
0.634285714286 7 0
0.553072625698 9 5
8.32432432432 6 4
204.714285714 9 1
0.463888888889 7 0
2.42866756393 9 3
10.9850746269 8 3
0.131578947368 2 1
0.740432612313 11 2
0.175591531756 3 2
2.0 2 0
0.147843942505 10 5
12.1587301587 4 4
0.569682151589 0 0
0.875 6 3
6.5 12 1
0.872235872236 0 0
0.691399662732 0 0
0.591323210412 8 1
0.560267857143 7 5
0.283333333333 9 7
0.259541984733 4 1
0.324873096447 3 3
0.234567901235 10 4
1.0 4 1
0.746113989637 7 6
218.767857143 8 0
0.301886792453 1 0
0.112903225806 0 0
0.294444444444 2 0
0.98273381295 4 0
0.495967741935 7 4
0.571428571429 4 4
0.517509727626 10 4
0.538461538462 0 0
1.05397341113 13 5
2.54237288136 6 4
0.475265017668 0 0
0.149717514124 6 3
0.3125 4 1
0.325 7 6
0.475265017668 0 0
0.691399662732 0 0
0.744927536232 6 3
0.624319419238 4 1
0.691399662732 0 0
0.206703910615 4 4
0.209039548023 0 0
7.09098786828 11 1
0.691399662732 0 0
0.475265017668 0 0
2.11538461538 12 0
0.869565217391 5 3
0.475265017668 0 0
0.691399662732 0 0
0.691399662732 0 0
0.624319419238 4 1
0.691399662732 0 0
0.8 6 5
0.691399662732 0 0
0.744927536232 6 3
1.28 6 3
2.61111111111 0 2
1.01724137931 2 0
122.252525253 5 3
0.326851851852 1 0
0.0223880597015 0 0
0.645833333333 6 4
0.186602870813 12 0
0.53982300885 0 0
0.53982300885 0 0
0.22214532872 0 0
0.0567970204842 1 0
219.432225064 10 0
0.0793650793651 4 3
0.2 12 0
0.233962264151 5 2
0.393442622951 0 0
0.123552123552 0 0
0.140425531915 5 3
1.1679389313 7 0
8.14935064935 12 3
0.708860759494 8 5
0.477227282826 0 0
0.632707774799 0 0
0.378787878788 0 0
0.798076923077 10 1
0.2 2 0
3.76 9 7
0.302083333333 3 0
0.202702702703 0 0
0.962138084633 2 1
0.197530864198 3 1
40.5263819095 11 0
0.876033057851 11 2
0.326851851852 1 0
0.418367346939 8 0
0.885214007782 5 3
0.713004484305 0 0
204.714285714 9 1
0.713004484305 0 0
0.567796610169 9 2
0.254476908577 8 2
1.0383360522 2 0
1.33297413793 0 0
0.638528138528 8 0
2.42866756393 9 3
1.33297413793 0 0
1.33297413793 0 0
4.11363636364 9 3
0.713004484305 0 0
1.33297413793 0 0
1.33297413793 0 0
1.33297413793 0 0
0.157818532819 6 1
1.33297413793 0 0
0.640625 1 0
0.241097489784 2 0
1.33297413793 0 0
0.254476908577 8 2
1.33297413793 0 0
1.33297413793 0 0
0.713004484305 0 0
0.681592039801 5 3
1.33297413793 0 0
0.969168900804 9 5
0.0 1 0
1.33297413793 0 0
1.33297413793 0 0
1.33297413793 0 0
2.0 0 0
0.225 7 2
1.33297413793 0 0
1.33297413793 0 0
1.33297413793 0 0
0.105263157895 7 1
1.79268292683 1 0
0.222222222222 0 0
0.626342161775 0 0
0.176923076923 1 0
1.33297413793 0 0
1.27941176471 6 4
0.626342161775 0 0
1.33297413793 0 0
1.33297413793 0 0
0.0891089108911 2 0
0.626342161775 0 0
0.872235872236 0 0
2.81690140845 1 0
7.09098786828 11 1
0.383333333333 8 3
0.626342161775 0 0
4.90852713178 2 0
0.626342161775 0 0
4.64935064935 5 5
0.713004484305 0 0
7.09098786828 11 1
5.66666666667 2 2
10.1616161616 3 1
0.122762148338 0 0
33.0 13 1
1.91278195489 1 0
1.29026217228 11 3
0.149717514124 6 3
7.0 1 1
3.29876160991 5 1
0.134146341463 1 0
6.4861878453 3 1
0.629921259843 2 0
0.604551920341 4 2
0.503067484663 0 0
0.208333333333 0 0
90.2840909091 4 2
0.95067264574 8 4
0.619047619048 1 0
1.91278195489 1 0
0.279661016949 4 3
0.056567854229 4 4
1.91278195489 1 0
0.563636363636 6 1
0.952380952381 4 5
1.21428571429 0 1
1.3295751963 0 0
0.056567854229 4 4
0.326851851852 1 0
0.0238095238095 8 0
0.11 0 0
0.275641025641 7 3
2.6218487395 4 1
0.329004329004 0 0
0.179775280899 4 3
0.477272727273 8 1
0.831683168317 2 0
2.2009569378 5 1
0.0512820512821 1 1
0.199507389163 7 4
6.4861878453 3 1
0.304199772985 3 0
4.82978723404 2 2
3.8 13 2
128.833333333 2 0
0.308016877637 2 3
1.14851485149 3 0
0.608938547486 5 4
0.189189189189 9 1
0.264492753623 9 1
0.221224489796 6 2
0.0185185185185 4 0
0.361764705882 7 2
1.5880695162 10 0
0.070652173913 8 5
0.50936329588 0 0
0.870967741935 15 3
0.0875 6 0
0.266666666667 0 0
0.14336492891 1 1
0.0392156862745 13 0
0.608938547486 5 4
0.872235872236 0 0
0.342857142857 1 0
0.74432677761 8 5
0.182432432432 1 0
1.69303054033 0 0
0.259259259259 4 1
0.727040816327 14 1
1.69303054033 0 0
4.82978723404 2 2
1.69303054033 0 0
1.69303054033 0 0
0.296 1 0
0.252941176471 11 3
0.23320537428 7 2
2.52 7 5
0.37089871612 3 0
1.14851485149 3 0
0.0634920634921 2 1
7.79293739968 6 2
3.23636363636 1 1
0.056567854229 4 4
0.21875 10 5
0.614906832298 11 5
1.24242424242 5 2
0.326851851852 1 0
0.614906832298 11 5
10.8218085106 3 4
0.363909774436 1 0
3.18879056047 5 3
9.08571428571 6 1
0.893949251789 0 0
4.1732776618 9 0
6.4861878453 3 1
0.96 1 0
0.162790697674 7 2
0.619047619048 1 0
0.23320537428 7 2
3.18879056047 5 3
0.432432432432 0 0
0.35864978903 6 3
2.58205521472 6 1
4.82978723404 2 2
1.28381374723 4 3
199.0 9 1
1.3981206726 2 2
4.82978723404 2 2
0.44099378882 4 3
1.28381374723 4 3
1.13047664901 7 3
141.719178082 0 0
0.341772151899 4 0
1.28381374723 4 3
4.82978723404 2 2
1.20388349515 0 0
2.58659924147 7 2
31.9131428571 0 0
0.128571428571 6 1
2.00824175824 10 1
0.364705882353 0 0
1.78358208955 2 1
7382.944 8 2
0.725352112676 0 0
0.860465116279 8 3
4.82978723404 2 2
0.245098039216 1 0
0.664021164021 7 4
0.336405529954 2 0
1.83193277311 10 3
3.25641025641 3 2
1.55021834061 3 1
1.32941176471 2 2
5.15384615385 2 0
0.650717703349 0 0
7.96103896104 11 3
2.00824175824 10 1
0.650717703349 0 0
0.650717703349 0 0
0.0588235294118 1 2
0.86013986014 1 0
0.0493827160494 8 1
3.41176470588 0 0
0.272425249169 10 1
0.0243902439024 4 1
0.287449392713 7 1
1.49470899471 0 0
0.593625498008 15 3
2.00900900901 0 0
0.436363636364 0 0
7.24444444444 1 0
0.238952536825 0 0
4.93218085106 3 1
5.32568807339 5 0
1.08207934337 9 1
1.17098445596 5 4
1.85483870968 6 1
0.272425249169 10 1
1.08207934337 9 1
0.48125 7 4
0.815276695246 6 2
0.268852459016 10 2
0.180874722016 0 0
0.15 3 0
0.872235872236 0 0
1.66386554622 3 3
2.00824175824 10 1
0.620853080569 12 4
0.966850828729 4 3
3.17647058824 7 3
0.272425249169 10 1
107.008955224 11 5
0.156069364162 6 2
1.0 8 0
1.08207934337 9 1
7.0 7 1
0.848979591837 6 8
0.528724440117 9 2
0.0288461538462 2 0
0.341463414634 7 5
4.8 14 3
2.00824175824 10 1
1.62857142857 4 1
0.611111111111 5 1
1.62857142857 4 1
0.658333333333 8 2
0.633575013943 2 0
2.47008547009 3 3
0.452296819788 4 5
0.530898876404 5 5
0.28883395138 7 0
0.0 5 1
1.76525821596 6 3
1.07749077491 4 2
0.909281095474 5 0
0.427710843373 6 1
4.3963963964 7 7
0.0 2 0
0.427480916031 4 2
1.29104477612 8 2
0.190647482014 8 5
1.08333333333 5 1
0.155555555556 7 3
0.14336492891 1 1
1.28888888889 6 3
0.137777777778 10 1
0.470588235294 4 1
0.375 4 3
10.1346153846 5 2
1.01867690696 9 0
0.813138686131 6 3
0.3 2 0
1.21818181818 8 1
0.561426397043 12 2
0.0634920634921 2 1
0.157303370787 8 0
2.78623188406 13 4
2.66666666667 10 3
0.05 2 3
0.258333333333 7 3
0.109375 1 2
0.57 8 4
0.124352331606 5 1
0.186046511628 9 2
2.05772646536 10 1
0.501766784452 1 1
0.274193548387 9 2
12.4592094197 1 0
0.48125 7 4
0.129032258065 9 1
1.13173652695 0 0
1.18446601942 7 2
0.387267904509 0 0
0.0348837209302 0 1
2.76975945017 10 4
2.05434782609 1 0
0.25 7 2
0.872235872236 0 0
0.326851851852 1 0
0.0712451861361 0 0
5.23214285714 3 0
2.05772646536 10 1
0.0 2 1
1.53875476493 2 0
0.706422018349 10 1
0.126213592233 4 1
0.335015136226 11 2
13.2843326886 0 0
0.0 0 0
0.0290858725762 0 0
0.238095238095 0 0
2.24848484848 7 3
0.316326530612 2 1
0.791519434629 10 4
0.248382923674 4 2
2.35195530726 0 0
483.296875 5 4
0.0169491525424 3 0
0.045045045045 5 2
0.766467065868 6 2
0.94 14 2
3.06451612903 8 3
0.217021276596 1 2
0.0 4 1
2.24848484848 7 3
0.433962264151 0 0
2.45766590389 14 1
1.06043165468 6 6
5.23214285714 3 0
6.81081081081 12 1
2.05772646536 10 1
0.482529118136 10 2
0.0654205607477 6 1
0.75 6 2
1.04819277108 6 2
0.326851851852 1 0
0.157894736842 13 3
0.435356200528 4 1
0.129032258065 8 5
0.044776119403 1 0
0.433962264151 0 0
0.0690476190476 6 1
0.0287769784173 4 2
10.1464872945 6 11
1.17080745342 6 3
0.744927536232 6 3
22.5555555556 2 0
4.26701570681 6 3
0.0693069306931 2 0
11.5274390244 7 1
0.375838926174 5 3
0.48125 7 4
0.116883116883 9 1
0.480392156863 6 9
0.297297297297 11 5
0.0693069306931 2 0
0.248382923674 4 2
0.408722109533 7 3
2.57537688442 2 3
0.0287769784173 4 2
3.67355821545 0 0
1.96754807692 3 1
2.64108352144 0 0
0.48125 7 4
0.666666666667 2 2
0.462962962963 5 1
0.572916666667 3 3
469.0 3 0
0.813138686131 6 3
0.0670241286863 7 2
0.117647058824 10 1
0.432558139535 9 3
0.788461538462 5 2
58.9852941176 8 0
0.0392156862745 3 3
2.28571428571 0 0
0.422195416164 6 0
0.48125 7 4
1.48412698413 12 0
2.17633928571 4 4
0.0842105263158 2 0
5.96126760563 7 0
1.81818181818 6 2
0.452229299363 1 0
0.868852459016 4 1
0.674698795181 7 5
0.379724055189 9 0
13.7576687117 11 1
1.8174904943 4 1
0.0 8 2
1.25 2 0
0.452229299363 1 0
1.56294536817 5 0
0.341924398625 5 0
0.0 5 5
2.61340206186 10 2
0.0 5 5
0.0 5 5
0.0120481927711 0 0
0.0275229357798 8 0
0.0 1 2
0.181992337165 9 2
43.4646616541 6 1
0.916666666667 8 1
0.8875 2 0
0.118343195266 7 1
2.28358208955 8 3
76.8461538462 2 1
2.73708920188 9 2
0.48125 7 4
1.39183673469 8 3
0.486486486486 8 1
4930.22589532 10 3
0.382848392037 8 3
0.421875 11 4
1.22222222222 4 4
0.283505154639 11 2
2274.5 7 2
0.48125 7 4
0.637931034483 7 7
24.9180327869 6 3
152.966666667 4 0
1.5033557047 11 2
0.479151061174 0 0
23.59375 6 2
1.36697247706 7 0
0.447276940904 3 3
0.114803625378 4 2
12870.6941176 3 2
0.0952380952381 7 0
1.13676900008 5 10
1.06990881459 1 1
0.391390205371 5 4
0.279279279279 7 2
1.26701570681 8 0
1.06990881459 1 1
7.21176470588 0 0
0.338028169014 7 7
3.02083333333 7 5
0.258620689655 4 2
0.164255319149 1 2
0.2 0 1
209.030555556 12 2
1.36697247706 7 0
28.1337579618 3 0
1.79632721202 8 1
0.452380952381 2 3
4359.77183099 6 3
13.6054054054 9 1
0.98069875397 4 2
1.28434504792 5 0
0.377551020408 3 2
3.77510917031 1 1
0.996268656716 8 3
1792.878125 10 0
0.479151061174 0 0
952379.0 9 0
63.4401114206 7 1
0.0 5 4
43.4646616541 6 1
1.06990881459 1 1
1.69768753525 7 3
0.644 10 2
0.0 2 0
1.30095238095 7 1
0.545454545455 1 0
0.451310861423 6 3
0.136363636364 1 2
0.51497005988 5 1
10.1717171717 3 1
0.75 6 2
1.66666666667 2 0
0.678471575023 5 1
0.75 6 2
0.603448275862 5 4
0.724279835391 5 1
0.387692307692 5 1
2.28813559322 2 5
0.171428571429 5 0
0.169491525424 6 6
0.191850594228 3 0
0.724550898204 6 2
18.25 9 3
28.1320754717 8 1
0.252941176471 11 3
1.8121869783 0 2
0.0354166666667 3 1
1.29842931937 10 0
0.214634146341 0 0
0.170918367347 14 1
1.04854368932 3 2
0.725 8 3
0.326851851852 1 0
0.353260869565 10 3
0.177447052089 10 2
0.340611353712 6 3
1.31818181818 3 0
0.218390804598 11 0
0.899371069182 5 4
0.340611353712 6 3
0.177777777778 7 3
0.0627306273063 1 1
0.572727272727 10 2
1.44247787611 7 2
1.03571428571 10 3
0.191850594228 3 0
1.95238095238 2 0
20.6666666667 9 3
0.899371069182 5 4
952405.0 9 0
5.15384615385 2 0
0.359649122807 4 0
0.581818181818 1 0
0.338235294118 2 3
678.0 5 0
2.32075471698 8 2
18.6034482759 6 3
0.0538194444444 2 1
116.394444444 6 5
0.206790123457 9 3
0.305555555556 0 0
4.1796875 7 2
0.344907407407 6 1
2.32201086957 1 0
0.255144032922 7 3
0.191850594228 3 0
0.324786324786 6 2
0.322580645161 5 3
0.23022751896 1 1
0.0 6 11
1.36697247706 7 0
0.303921568627 5 3
0.0486725663717 7 5
1.5625 1 0
0.410079051383 4 1
0.384615384615 6 6
0.857142857143 6 1
0.69592476489 4 3
0.187050359712 2 1
0.829268292683 10 1
0.69592476489 4 3
9.7875 10 2
38325.0 0 0
0.0 3 4
1.30578512397 6 2
0.813138686131 6 3
3.24071322437 12 3
6.06857142857 6 4
0.635838150289 7 2
0.156546489564 7 4
0.35 8 3
0.151898734177 4 0
1.011042098 7 3
2.86191284663 4 1
0.428571428571 12 3
0.0777777777778 3 3
0.519134775374 4 1
9.4 11 4
0.179487179487 0 0
1.83333333333 10 5
9.20075757576 8 4
0.0 10 2
0.4 11 1
1.71875 2 2
0.806905370844 2 2
0.236842105263 5 1
2.43636363636 10 5
1.66386554622 3 3
0.157114624506 4 1
0.265505522515 8 5
0.812674743709 5 2
1.16393442623 11 1
0.215158924205 5 2
6.4861878453 3 2
0.256465517241 4 3
10.4216216216 3 2
2.24392712551 6 1
2.30195381883 5 3
1.30088495575 4 7
0.201219512195 4 2
0.345016429354 7 3
952425.0 9 0
0.186746987952 5 2
154.178571429 0 0
0.392405063291 5 2
0.265505522515 8 5
0.319230769231 7 2
0.355172413793 6 4
0.697718631179 12 5
1.53875476493 2 0
0.446564885496 8 1
1.21532722957 4 1
1.16011235955 1 1
1.13483146067 13 1
1.08955223881 6 1
0.236842105263 5 1
0.525597269625 7 1
6.25 3 2
0.216091954023 5 6
2.54491017964 8 3
3.11475409836 8 1
1.30578512397 6 2
0.857456140351 0 0
1.19451371571 3 3
1.06779661017 7 2
1.54929577465 0 0
12.4600504626 1 0
0.0235294117647 5 1
0.236842105263 5 1
32.6059771923 0 0
2.44594594595 8 3
1407.54545455 10 2
0.249350649351 7 3
1.8202247191 8 3
1.2902304323 5 0
0.938271604938 5 6
0.0 4 0
0.99791720906 4 1
1.20524017467 6 5
3519.96428571 0 0
111.666666667 8 0
38.0 3 0
1.30578512397 6 2
0.094362745098 5 2
0.200617283951 2 0
1.21532722957 4 1
0.171454219031 8 0
3.11475409836 8 1
0.35 8 3
11.4353448276 1 0
0.481040892193 1 0
0.245173745174 7 0
120.836477987 4 2
0.677272727273 1 0
1.20524017467 6 5
0.326851851852 1 0
90.2954545455 5 2
1.90196078431 5 4
0.117552334944 9 4
1.05681818182 6 1
132.71942446 5 4
17.2577092511 13 2
1.24299065421 6 2
0.388157894737 7 0
0.595607235142 5 6
1.24603174603 5 8
0.159574468085 12 1
0.398322851153 7 4
6.14285714286 4 0
0.257971014493 5 2
0.470588235294 4 1
0.0870056497175 10 2
5.85714285714 6 5
0.166666666667 7 6
0.427480916031 4 2
0.435684647303 5 4
4.48026315789 4 1
0.511834319527 8 3
0.169278996865 6 6
6.4861878453 3 2
952445.0 9 0
0.15 7 1
0.0794912559618 7 3
5.07638888889 5 4
196.571428571 0 0
1.24603174603 5 8
0.203473945409 6 2
0.354740061162 7 4
0.484375 2 3
111.666666667 8 0
0.190753424658 6 3
0.799180327869 9 2
0.170731707317 7 3
1.98466257669 0 1
0.111607142857 5 4
0.278169014085 7 2
266.517241379 0 0
0.766497461929 2 2
0.480392156863 8 3
0.396092362345 5 1
1.59848484848 5 4
0.100456621005 5 1
615.192109777 7 1
15.2857142857 8 6
4.15950920245 6 3
0.272727272727 7 3
1.24603174603 5 8
952459.0 9 0
0.7 12 5
0.0192307692308 5 1
2.66666666667 6 2
0.308016877637 2 3
0.119760479042 5 1
0.482666666667 4 0
0.0686997319035 5 3
0.0957446808511 9 4
2.78070175439 8 6
0.99791720906 4 1
0.355555555556 4 3
0.681592039801 5 1
1.71276595745 7 1
3.69620253165 7 1
0.742937853107 6 2
0.11394891945 7 2
0.290909090909 5 1
0.271515151515 13 1
15.2105263158 1 0
2.62087912088 5 3
0.72869955157 3 0
0.290858725762 5 8
0.210810810811 10 4
0.482666666667 4 0
0.391891891892 4 1
0.152334152334 9 2
39993.0 8 4
0.0486725663717 7 5
116.394444444 6 5
0.278672032193 2 2
0.591549295775 9 5
38.0 3 0
1.09210526316 3 2
0.5 11 0
0.48275862069 6 3
18542.2666667 0 0
0.149171270718 4 1
111.666666667 8 0
0.032967032967 1 1
0.270303030303 0 0
7.73529411765 8 3
0.779511533243 6 2
952469.0 9 0
0.133333333333 10 7
0.15306122449 5 4
1.9801090924 3 8
0.142857142857 7 3
0.125560538117 5 1
1.31654676259 8 6
8.225 5 6
0.468164794007 6 3
0.350931677019 5 1
3.25581395349 3 2
0.396092362345 5 1
0.787985865724 11 3
0.243359040274 2 8
11.88125 4 3
1.2538071066 8 3
2.39622641509 13 1
0.396092362345 5 1
0.753846153846 5 2
1.86385737439 9 3
0.164556962025 6 0
0.451612903226 6 3
39993.0 8 4
0.0753012048193 4 0
1.35 12 2
3.33367662204 6 5
0.0690476190476 6 1
52.0485436893 8 2
43.4646616541 6 1
1.30578512397 6 2
0.23 2 4
0.509956709957 9 3
0.235668789809 2 0
0.258411843876 7 1
0.0690476190476 6 1
2.89562289562 14 2
0.936823104693 6 5
0.687861271676 1 0
0.41975308642 9 0
18664.9285714 0 0
0.432558139535 9 3
0.235668789809 2 0
0.930199430199 6 3
0.355555555556 4 3
0.208633093525 8 1
1.36050724638 7 6
0.52 4 5
0.191176470588 8 3
0.0153846153846 2 2
0.0690476190476 6 1
24.575 7 0
0.167464114833 11 2
1.4315245478 8 1
0.6875 12 1
1.727154047 13 1
0.0 2 2
0.265945945946 11 0
0.918946873531 3 1
0.796672828096 5 6
9519.46153846 0 0
0.598360655738 8 1
4.77777777778 7 1
1.69387755102 4 5
3.89632107023 6 2
0.2322319202 6 2
0.627329192547 5 1
0.387909319899 9 1
0.93549603923 5 2
2.29255319149 8 5
1.98485494881 9 1
0.6 4 2
0.0796645702306 9 2
0.255813953488 8 1
0.739403453689 2 4
0.191176470588 8 3
27124.6428571 0 0
1.98466257669 0 1
2.07894736842 8 6
0.10756501182 3 0
952487.0 9 0
0.134146341463 9 2
1.21287128713 11 2
0.191176470588 8 3
0.119760479042 5 1
0.365517241379 9 4
4.10880829016 0 1
0.117647058824 8 0
6.81308411215 0 0
0.278672032193 2 2
0.125 12 2
1.06359300477 1 0
0.409952606635 2 2
0.255813953488 8 1
1.29213483146 11 3
0.191176470588 8 3
0.272490899636 6 1
1.93089123867 11 0
6.81308411215 0 0
952492.0 9 0
0.191919191919 3 2
1.11956521739 6 6
3.25581395349 3 2
0.174959871589 2 1
0.374745417515 5 2
0.454337899543 5 4
0.208633093525 8 1
0.269677419355 3 1
0.119760479042 5 1
8.26422764228 6 7
0.025 7 1
6.69228849513 7 1
952499.0 9 0
1.28235294118 8 2
298.204633205 0 0
8.32432432432 6 4
0.109792284866 9 1
0.208 0 0
0.0153846153846 2 2
1.6277665996 2 4
1.98485494881 9 1
0.6 4 2
4.70229007634 2 4
0.429362880886 10 3
0.185483870968 1 0
0.141906873614 6 4
36.2456140351 6 1
0.28 9 5
0.450980392157 7 4
2.70760934691 1 1
0.130952380952 7 0
952503.0 9 0
0.153846153846 8 4
1.98485494881 9 1
2.63363363363 8 1
0.267857142857 5 1
0.516666666667 8 2
0.372538440788 13 1
42.15625 14 1
0.513513513514 4 6
0.173184357542 6 1
0.191176470588 8 3
0.204301075269 11 4
141.073170732 7 7
952507.0 9 0
0.109792284866 9 1
0.300775193798 8 4
4.70229007634 2 4
1.5625 1 0
0.487654320988 8 8
0.5 8 2
952508.0 9 0
0.427710843373 6 1
1.2614379085 7 3
0.27397260274 2 1
2.06060606061 10 1
0.424796747967 12 1
0.252336448598 0 0
0.269230769231 4 0
0.350364963504 3 5
0.174959871589 2 1
15.6060606061 1 0
6.14285714286 4 0
1.22368421053 5 4
0.783333333333 2 0
2.75 9 1
65.0033557047 12 3
0.371951219512 4 3
0.191176470588 8 3
6.4861878453 3 2
0.0153846153846 2 2
9.10030864198 4 1
1.049 6 2
0.312617702448 7 5
0.166666666667 6 7
1.32275132275 6 0
0.354630294329 8 1
2.0 11 2
0.537313432836 8 2
0.230498374865 1 1
1.68181818182 7 2
0.5 8 2
0.113095238095 9 3
0.20581655481 7 6
6.14285714286 4 0
0.276556776557 3 0
1.65151515152 3 3
0.368421052632 9 4
0.450980392157 7 4
0.376237623762 6 4
0.191176470588 8 3
0.226069246436 7 3
0.456842105263 11 1
0.348484848485 11 0
0.833333333333 6 3
32.606763665 0 0
0.112781954887 9 2
0.214285714286 3 2
0.135802469136 10 5
0.181488203267 8 2
0.185483870968 1 0
1.7619047619 5 0
1.35 12 2
0.152334152334 9 2
0.44966442953 8 4
2.0 5 2
0.892307692308 7 3
2.31006819093 6 3
0.174959871589 2 1
1.03125 3 1
0.540540540541 0 2
0.326851851852 1 0
1.93089123867 11 0
0.0486725663717 7 5
0.916666666667 8 2
0.209302325581 4 3
2.06060606061 10 1
3.72151898734 3 3
0.0728476821192 6 0
0.158823529412 11 3
2.80575539568 7 1
0.225 7 6
0.505747126437 10 2
4.70229007634 2 4
1.01282051282 10 0
0.0266666666667 6 1
0.338582677165 9 7
0.15 7 1
0.5 8 2
0.308016877637 2 3
3.79083094556 9 7
0.124484748557 6 2
0.28813559322 12 2
0.166666666667 6 7
1.59090909091 10 2
0.374149659864 8 4
0.183673469388 11 0
0.695364238411 5 2
25.8356164384 0 0
1.5579868709 2 5
1.45794392523 4 1
0.340579710145 5 4
0.0963855421687 1 1
0.495412844037 0 0
3.25581395349 3 2
5.39583333333 4 4
1.02857142857 13 4
1.15708200213 11 2
0.596078431373 1 2
0.191176470588 8 3
0.359375 4 4
0.117647058824 6 7
0.868902439024 7 0
0.0718562874251 7 2
0.669642857143 4 3
4.66666666667 3 4
13.6054054054 9 1
0.1585728444 13 2
4.70229007634 2 4
0.17623649801 10 2
0.5 8 2
0.226069246436 7 3
27.5812807882 0 0
0.397163120567 4 2
1.05405405405 10 4
0.534482758621 6 2
0.15 7 1
0.612903225806 4 6
0.509956709957 9 3
0.326851851852 1 0
0.159045725646 8 7
2.0 11 2
1.03125 3 1
1.58597662771 9 2
0.551845342707 3 6
1.09677419355 5 1
1.02450980392 5 3
0.1125 8 4
0.0309278350515 8 0
16.8 5 5
0.188405797101 13 4
0.5 8 2
133.606060606 6 4
6.69228849513 9 1
0.0416666666667 3 0
0.241095890411 8 3
0.460719041278 6 2
2.38788355625 7 4
0.48790506618 12 1
46.4065934066 6 2
0.308016877637 2 3
0.47619047619 4 3
0.0573476702509 8 0
2.19170984456 7 1
2.22222222222 7 3
1.25 8 5
2.04255319149 11 5
0.704081632653 4 2
1.5625 1 0
0.0777777777778 3 3
1.80224403927 5 6
0.141955835962 3 2
9.74137931034 9 6
0.100970873786 3 0
1.91666666667 10 1
4.66666666667 3 4
0.983333333333 7 3
1.24210526316 5 3
1.22368421053 5 4
0.869047619048 12 4
0.892307692308 7 3
0.612903225806 4 6
1.98466257669 0 1
0.121621621622 9 2
1.04301075269 6 2
952576.0 9 0
0.376237623762 6 4
4.70229007634 2 4
1.59021406728 6 4
0.377551020408 3 3
0.106382978723 2 0
0.464285714286 6 4
72.7826086957 7 3
0.686390532544 9 4
0.783333333333 2 0
0.920634920635 6 8
1.85869565217 7 2
1.04905335628 10 1
4.70229007634 2 4
0.149606299213 3 1
0.466726618705 5 2
3.45301204819 12 2
0.15 7 1
4.91095890411 10 3
27.15 0 0
0.237878787879 11 0
952592.0 9 0
3.65473684211 6 3
1.04402515723 9 3
0.201219512195 4 2
0.646090534979 7 0
0.891472868217 6 4
2.9792746114 7 4
29.1775700935 8 2
0.651785714286 3 2
35.556547619 7 1
111.666666667 9 0
0.503184713376 7 1
0.129482071713 5 1
13.6054054054 9 1
0.9056 8 1
0.814516129032 9 3
0.231958762887 0 1
0.260869565217 4 0
5.83295711061 5 0
23.4350961538 6 3
