3.11988086374 1 1
1232.70750988 0 0
20.0883668904 6 4
55908.5 0 0
2.5652173913 14 1
3.1 4 1
0.68655143339 6 2
1.07960741549 4 4
116.172972973 0 0
1.675 2 0
0.344202898551 5 3
2.0414507772 9 1
0.195044472681 5 2
8.2927756654 2 5
18541.2666667 0 0
0.393939393939 6 3
0.233766233766 9 2
24.5333333333 4 4
6.13114754098 3 5
1.15277777778 3 1
2.42857142857 11 2
0.894252873563 11 2
117.166666667 0 0
1.34471273938 7 2
0.638461538462 6 3
0.317567567568 0 0
37.4155339806 2 4
0.623865110246 19 1
2.87001839362 2 1
1.24545454545 3 2
7.0 16 0
5.63157894737 3 2
0.953846153846 8 1
0.929530201342 3 4
8.06834532374 6 4
20.6456456456 10 1
0.208333333333 6 6
33.8718801997 0 0
565.547474747 8 1
18541.4 0 0
1.24643046007 0 0
0.242424242424 2 2
36.1779310345 9 4
0.870042194093 8 5
0.68655143339 6 2
0.1632 8 1
18541.4 0 0
0.0751445086705 5 6
0.977777777778 3 2
0.1632 8 1
1.20062695925 5 1
13.5925834363 11 2
0.191780821918 7 0
7596.78728606 12 3
1.15447154472 9 1
1.52272727273 10 1
5.77941176471 3 4
71.5527950311 0 0
1.37391304348 18 0
1232.69960474 0 0
1232.69960474 0 0
0.235294117647 1 0
0.253485424588 2 0
2.17418546366 0 0
0.489795918367 4 0
0.244094488189 5 1
0.338078291815 6 3
2.40229885057 8 3
0.758440514469 1 0
4.18295218295 4 1
1.58432304038 1 0
0.382716049383 6 3
0.0666666666667 4 0
131.625 4 0
0.827411167513 20 0
0.213114754098 6 5
9.19008264463 3 5
0.430303030303 0 0
1.26936619718 7 1
55909.0 0 0
1.24643046007 0 0
9.07460545194 0 0
45.7796610169 0 1
27123.8571429 0 0
0.768604651163 19 0
7.25252525253 5 5
4294.66666667 1 3
1.91039426523 11 4
250.357142857 3 4
0.113590263692 7 0
2.88793103448 3 4
5.67741935484 0 0
20.0883668904 6 4
1232.69960474 0 0
1.24643046007 0 0
250.357142857 4 4
7.25252525253 5 5
0.526666666667 1 0
4294.66666667 1 3
0.374115688722 11 3
1.11041666667 0 4
0.173913043478 7 2
565.547474747 9 1
43.4646616541 6 1
0.319248826291 2 1
0.192307692308 4 4
250.357142857 4 4
6732.66666667 0 0
3.1191362621 1 1
0.655870445344 1 0
6732.66666667 0 0
1.34471273938 7 2
0.114315679077 12 0
9519.15384615 0 0
7.97798742138 10 2
0.362139917695 11 2
27123.8571429 0 0
0.633893919793 4 3
90.5414634146 6 4
4294.66666667 1 3
0.333333333333 1 1
1.34471273938 7 2
2047.55 0 0
0.284615384615 3 3
0.89665096808 12 3
2.89655172414 3 4
1875.72447968 9 4
1.34471273938 7 2
38.6135084428 0 3
0.0 0 0
1875.72447968 9 4
1.63237614389 9 1
2.03448275862 3 4
5.97701149425 6 1
248.565217391 0 0
14.5858208955 0 0
2.14323144105 7 2
0.65306122449 10 0
3.80632790029 5 2
143.508196721 4 2
2.75154004107 4 5
62.6095890411 10 0
11.0549898167 6 1
2.03170028818 9 0
2.43309859155 7 2
43.4739583333 7 5
4.55583756345 7 0
18541.3333333 0 0
0.928571428571 7 1
0.0 9 1
0.5 7 1
2731.0 3 3
19.1785714286 8 1
0.0 4 3
3.49504950495 19 0
42.2922912206 5 2
21.3521790342 9 1
2.25081433225 2 0
0.929640718563 12 3
55910.0 0 0
2731.0 3 3
2.03170028818 9 0
19.0318181818 0 0
0.231182795699 4 1
2.88793103448 3 4
1.21159153634 9 0
2763.8 9 1
19.0318181818 0 0
1.21159153634 9 0
19.0318181818 0 0
0.65306122449 10 0
19.0318181818 0 0
19.0318181818 0 0
19.0318181818 0 0
30.1739130435 8 1
2.54225352113 12 1
20334.1058887 8 1
2047.55 0 0
1616.56521739 0 0
2.85526315789 1 1
0.388732394366 6 1
0.470588235294 11 2
310.251851852 5 1
30.2348178138 3 0
1.47946577629 8 4
5.12032085561 10 1
43.4739583333 7 5
0.705882352941 12 0
2.88793103448 3 4
209.027777778 10 1
43.4646616541 6 1
0.0 5 4
0.48896434635 7 1
0.580118694362 0 0
5.01933701657 5 3
43.4739583333 7 5
4294.66666667 1 3
0.202380952381 0 0
598.555075594 2 0
0.0 0 0
1.30937937471 12 0
60.9411764706 9 3
18541.4 0 0
0.785714285714 8 3
3.1191362621 1 1
8.23492723493 3 0
44.2750642674 4 8
3.1191362621 1 1
0.8 4 6
3.1191362621 1 1
3.1191362621 1 1
2.26986869385 3 0
39.4365482234 5 1
143.508196721 4 2
0.171875 5 2
2.09541984733 0 0
8.11929824561 1 0
0.060162601626 6 4
196.571428571 0 0
17.8028169014 4 2
598.555075594 2 0
4.49068322981 8 2
3519.85714286 0 0
17.8028169014 4 2
209.030555556 11 2
3.71186440678 4 1
55910.0 0 0
49.9347826087 5 0
49.9347826087 5 0
2731.0 3 3
55910.0 0 0
19.1337579618 10 0
52.0485436893 8 2
872.488636364 3 4
1.7752293578 10 0
90.8482142857 9 0
0.325581395349 2 5
3.8449304175 8 2
0.202380952381 0 0
4359.75211268 7 3
912.741573034 0 0
0.470588235294 11 2
0.173913043478 4 2
28671.125 0 0
3.11988086374 1 1
0.571428571429 10 1
3519.85714286 0 0
49.0536398467 2 1
3.12424108857 5 3
9614.22972973 0 0
607.746268657 0 0
132.762589928 5 4
0.27027027027 8 4
0.496 10 1
30.2348178138 3 1
20.6818181818 0 0
143.508196721 4 2
0.283482142857 10 0
18541.4666667 0 0
465.8 4 2
38.6135084428 0 3
2.05097087379 10 0
517855.5 6 2
0.59201695514 4 2
3.11988086374 1 1
1.5 8 1
3.11988086374 1 1
209.030555556 11 2
18.2078853047 2 6
1232.70750988 0 0
11178.075 5 5
0.202380952381 0 0
0.0 5 4
0.802987484861 0 0
18541.4666667 0 0
0.766467065868 7 0
18.6666666667 7 0
4294.66666667 1 3
6.06425702811 0 0
0.785714285714 8 3
222.0 0 0
116.178378378 0 0
0.130841121495 2 1
0.135593220339 5 0
0.142857142857 1 3
10.0232913326 9 0
17.8028169014 4 2
13.0 1 0
0.739731682147 13 0
0.723684210526 2 1
17.8028169014 4 2
34.5 2 6
0.504132231405 5 3
3.27293064877 8 2
912.747191011 0 0
0.0 0 1
0.172439204127 5 0
3322.16666667 0 0
17.8028169014 4 2
93.8163265306 0 0
2.15721040189 0 0
3322.16666667 0 0
1.34471273938 7 2
0.603211009174 6 5
28.1602564103 0 0
7.41095890411 7 0
116.178378378 0 0
1232.71936759 0 0
0.564516129032 6 2
43.4739583333 7 5
7.2 0 0
0.110275689223 3 5
43.4646616541 6 1
0.648897058824 5 0
1.50326797386 8 4
2047.55833333 0 0
0.374453921365 12 1
1.34471273938 7 2
2.09541984733 0 0
0.702423929861 0 0
49.0536398467 2 1
640.050847458 6 4
18.2914979757 8 2
0.516299559471 12 0
0.202380952381 0 0
19.512455516 5 10
1.57142857143 8 0
0.659359190556 5 3
0.539682539683 6 1
0.10989010989 5 3
20.4784090909 4 0
1.09984936518 3 1
27.2637889688 0 0
0.172439204127 5 0
90.3720930233 0 0
2047.55833333 0 0
2.14503816794 1 1
1.34471273938 7 2
0.878378378378 4 2
1.90740740741 2 0
1.125 7 3
0.184782608696 6 4
0.451612903226 8 3
0.649717514124 1 0
7.2 0 0
36.9481865285 9 0
0.337620578778 8 2
0.6 0 0
3.11988086374 1 1
332.273972603 5 1
2.53846153846 8 1
16.6 3 4
0.202380952381 0 0
18.6666666667 7 0
55910.5 0 0
1.72045220966 4 3
55910.5 0 0
18541.5333333 0 0
16.5286195286 2 2
1.41101694915 6 7
0.0 0 0
3.69565217391 0 0
0.735024665257 6 2
0.253485424588 2 0
28.6614785992 9 1
0.0854700854701 1 0
116.178378378 0 0
240.194690265 0 0
60.9411764706 9 3
36.1764705882 4 4
76.8666666667 3 2
23.7397260274 5 3
2.93661971831 0 0
18541.5333333 0 0
55910.5 0 0
0.456032719836 6 4
0.202380952381 0 0
20.6818181818 0 0
1.34471273938 7 2
55910.5 0 0
0.114315679077 12 0
0.0738916256158 1 0
6.02142857143 5 2
4.02459016393 1 2
30.2348178138 3 1
0.634482758621 10 4
0.0 0 0
1.34471273938 7 2
1.34471273938 7 2
0.311926605505 1 1
0.0 0 0
2.20231213873 8 3
0.143360493283 5 4
20.6818181818 0 0
0.0 0 0
47.8486486486 5 1
20.6818181818 0 0
3.66666666667 8 1
20.6818181818 0 0
211.296875 13 1
3.66666666667 8 1
5.97872340426 5 4
44.2750642674 5 7
0.369838420108 10 4
0.0 0 0
1.11482830959 15 0
5.08541392904 5 3
0.934573002755 2 1
0.143835616438 6 2
2.23170731707 5 5
0.828025477707 6 2
36.9481865285 9 0
0.970588235294 6 0
478.545454545 5 1
0.0161290322581 0 0
0.539130434783 4 2
43.4646616541 6 1
2.33888888889 12 3
5.40127388535 6 1
0.0746268656716 5 0
0.542857142857 8 3
1.72426470588 3 2
0.0718562874251 0 0
3519.89285714 0 0
0.202380952381 0 0
0.229508196721 7 3
1.8174904943 5 1
0.951351351351 9 1
7382.976 8 2
0.918807810894 8 4
1.376 4 3
640.059322034 7 3
1.98994413408 1 0
0.589247311828 4 4
0.432291666667 0 0
7.97798742138 10 2
0.571428571429 0 0
2.80612244898 10 6
0.685714285714 1 0
1.33034894399 5 2
18.6666666667 7 0
161.714285714 0 0
0.285714285714 4 0
0.268987341772 5 2
561.555555556 0 0
9.37984496124 4 0
11.1143200963 9 1
0.735024665257 6 2
55911.0 0 0
1.97023809524 4 2
0.17118226601 0 0
23.7397260274 5 3
60.9411764706 9 3
36.1764705882 4 4
76.8666666667 3 2
0.25 6 2
37.4165048544 2 3
0.282178217822 3 1
141.719178082 0 0
5.71052631579 3 1
869.285714286 5 0
0.282178217822 3 1
1.2109375 8 2
258.559322034 2 0
2.47225981055 5 0
3.1242126516 6 2
517856.95 7 3
0.202380952381 0 0
0.034632034632 6 0
36.9481865285 9 0
7.04897959184 7 9
43.4739583333 7 5
0.142563681183 10 3
196.571428571 0 0
0.479274611399 2 0
7596.82151589 12 3
0.256198347107 9 0
3.12062546538 1 1
0.675347222222 4 3
3.48571428571 13 2
0.291931540342 8 0
0.59201695514 4 2
0.202380952381 0 0
7.48484848485 9 3
132.71942446 5 4
43.4646616541 6 1
7.33333333333 20 0
0.0 0 0
0.490566037736 4 1
15.4919354839 2 3
6.2032288699 6 2
0.0 4 0
1.34471273938 7 1
0.117117117117 0 0
0.423529411765 1 0
0.369369369369 0 0
3.12062546538 1 1
3.12062546538 1 1
43.4739583333 7 5
0.467213114754 9 2
0.166666666667 4 0
0.969230769231 0 0
912.747191011 0 0
7.875 6 3
1.38719512195 9 4
0.202380952381 0 0
0.915032679739 5 6
4.96161314414 7 7
0.121328839673 2 4
0.399159663866 11 2
14.8055555556 10 2
0.263888888889 6 2
7.83062330623 5 1
0.174803149606 1 1
1.91402307138 0 0
1.34471273938 7 1
209.030555556 12 1
22738.1393035 3 7
0.852112676056 8 7
11178.225 4 5
20.6818181818 0 0
1.52849740933 13 2
0.0 5 4
0.113590263692 7 0
1.34471273938 7 1
44.2750642674 5 6
0.774193548387 6 3
43.4739583333 7 5
908.6875 8 1
43.4646616541 6 1
0.690909090909 8 2
0.225806451613 11 3
30.2348178138 3 1
0.179104477612 13 1
7.25252525253 5 5
390.333333333 0 0
0.846153846154 1 2
43.4646616541 6 1
1.44444444444 20 0
0.827586206897 5 7
0.193181818182 7 2
161.980769231 8 1
3.44057971014 3 2
43.75 8 2
2.25396825397 9 5
1213.66666667 3 0
1.92617449664 12 3
5.42857142857 1 9
22738.1293532 3 7
0.0 3 1
0.202380952381 0 0
0.199004975124 0 0
1.08435852373 9 1
0.302816901408 6 0
2.44736842105 6 4
18.7796610169 6 6
1.81333333333 20 0
0.934573002755 2 1
0.285714285714 4 0
0.377551020408 0 0
0.563210227273 1 0
18.2874493927 9 1
0.214611872146 9 1
1.55021834061 3 1
31.9131428571 0 0
0.5 3 5
0.369230769231 6 6
0.0 0 0
11.2440677966 2 2
37.8315412186 7 2
16.9242761693 9 0
0.311926605505 1 1
0.0746268656716 5 0
0.355704697987 4 0
161.980769231 8 1
90.5414634146 6 4
5.72 5 4
1.00924974306 4 6
0.686840995361 5 2
0.146551724138 6 1
43.4646616541 6 1
2.49275362319 0 0
0.202380952381 0 0
2047.55833333 0 0
0.4 3 3
0.917808219178 3 0
0.5 3 5
0.541666666667 11 4
1.40243902439 4 3
1.46561604585 5 1
0.263157894737 11 3
116.178378378 0 0
0.558505408063 8 3
0.558505408063 8 3
1.47619047619 12 3
1.5625 1 0
1.5625 1 0
1.5625 1 0
1.5625 1 0
4070.68429003 9 4
2047.55833333 0 0
0.0981818181818 6 0
209.025 12 1
0.947916666667 1 1
0.0 2 0
0.747348119576 8 4
4294.66666667 1 3
5.44444444444 3 1
0.423529411765 11 0
0.0 5 4
1.30662020906 8 7
494.444444444 4 0
1.25609756098 10 1
0.111111111111 1 0
18.2874493927 9 1
0.202380952381 0 0
1.48226950355 7 3
11178.3 4 5
0.111111111111 1 0
9.93333333333 10 2
0.0 2 0
19.1525423729 2 0
0.111111111111 1 0
0.137230769231 8 2
14.3636363636 10 3
0.134010152284 0 0
0.181818181818 10 0
250.285714286 5 4
205193.464286 12 3
37.962962963 5 0
3.56825396825 1 2
250.285714286 5 4
3519.96428571 0 0
0.288590604027 0 0
3044.5 5 3
1.99668141593 0 0
0.186721991701 3 3
1.63458572914 2 2
2.19112207152 4 2
0.181818181818 0 0
0.295729618634 9 3
0.854838709677 0 0
17.0476190476 2 4
76.2608695652 1 0
250.285714286 5 4
0.544444444444 6 3
0.839313572543 8 6
2.85869565217 4 2
1.26666666667 4 1
3.12062546538 1 1
0.500821018062 5 0
85.4224924012 11 1
18.2874493927 9 1
725.267932489 0 0
0.628982528263 0 0
3.12062546538 1 1
3.14021164021 20 0
0.0188679245283 3 3
17.4142857143 10 0
0.0260869565217 11 1
4.20689655172 8 0
0.375350140056 9 3
565.557575758 9 1
0.825396825397 10 3
11.0549898167 6 1
0.0763500931099 3 2
1.73770491803 5 5
0.526231477773 3 2
1.64371257485 7 1
3.9 3 2
1.51470588235 4 4
51.3 2 2
1.89367816092 0 1
1.64371257485 7 1
0.146341463415 2 3
0.430379746835 3 2
1.20606060606 8 1
0.229473684211 7 0
10.5 7 2
1.73875802998 3 5
10.6666666667 3 2
3.9 3 2
0.0339425587467 1 1
43.4646616541 6 1
1.73875802998 3 5
18.2874493927 9 1
0.173913043478 10 6
0.396596549279 7 1
0.0756646216769 6 5
1.47619047619 3 5
87.9638554217 0 0
2.32075471698 2 0
0.551546391753 3 6
1.73875802998 3 5
2.92592592593 4 2
1875.73339941 8 4
0.551546391753 3 6
1.07416267943 7 2
0.551546391753 3 6
18542.2666667 0 0
18.2874493927 9 1
7.2 0 0
1.73875802998 3 5
0.717391304348 8 2
0.093984962406 6 4
20.0894854586 6 4
0.591304347826 8 2
0.154639175258 5 3
1.85494505495 17 0
1875.73538157 8 4
0.248062015504 11 1
6.48023715415 5 1
3519.98214286 0 0
0.551546391753 3 6
24.0 5 0
1.27586206897 7 2
0.113590263692 7 0
7.57428214732 8 1
0.910688574574 3 2
0.50625459897 20 0
640.063559322 8 3
44.2750642674 5 5
1201.69811321 0 3
0.551546391753 3 6
1.7027027027 8 3
0.202380952381 0 0
0.551546391753 3 6
0.857142857143 2 2
0.340425531915 3 4
0.125 0 0
0.758440514469 1 0
0.758440514469 1 0
0.551546391753 3 6
0.027027027027 2 0
6.33993902439 3 0
0.0 10 2
1.9139080805 1 0
27.7248677249 2 0
0.311926605505 1 1
0.716417910448 6 0
5.22072072072 6 5
0.292134831461 4 5
33.8702163062 0 0
0.758440514469 1 0
11.7463556851 4 6
0.544444444444 6 3
1.42558528428 10 1
1.90037593985 9 1
9614.5 0 0
1.9139080805 1 0
14.0301675978 1 2
1.30935251799 1 0
1.9139080805 1 0
1.06044905009 5 2
1.97872340426 7 4
7.28051948052 6 3
43.4646616541 6 1
1.9139080805 1 0
1.9139080805 1 0
0.349206349206 6 1
43.4646616541 6 1
9897.37142857 5 3
43.4646616541 6 1
0.290024135157 9 2
6.33993902439 3 0
31.9131428571 0 0
18.6034482759 6 3
1.90579710145 9 4
1.18562874251 4 2
0.758440514469 1 0
4.04644808743 2 0
0.953416149068 8 2
1.65761396702 2 5
54498.9411765 11 1
0.266666666667 4 1
1.55641025641 7 2
1.08644859813 8 5
0.437699680511 1 0
0.103092783505 12 0
76.2608695652 1 0
0.628736413043 7 4
3.15384615385 10 0
0.298245614035 5 2
4.87578947368 8 4
0.0280269058296 1 0
0.623853211009 5 1
1.64864864865 3 3
0.120320855615 1 0
1.01680672269 4 5
0.522099447514 7 4
0.941176470588 5 0
0.979102167183 11 2
20.6818181818 0 0
0.293797606094 2 0
0.979102167183 11 2
3.12422687009 6 3
1.46780202235 3 1
4.2743902439 4 1
517856.15 7 4
0.269399707174 10 3
2.11666666667 2 0
2.71681415929 8 3
0.844816053512 4 1
5.19950738916 5 5
0.25 9 5
7383.04 8 2
0.59201695514 4 2
11178.425 4 5
6.20659340659 5 2
27.4285714286 3 4
0.0 3 2
25.2893081761 7 0
3.5325443787 7 0
57.0475059382 3 2
0.783783783784 0 0
2.23863636364 3 5
0.831395348837 11 3
788.912350598 0 0
19.8737588652 12 2
0.509977827051 0 0
76.2608695652 1 0
212.471698113 3 0
1.62857142857 4 1
3.02857142857 7 3
0.236607142857 6 1
3.02857142857 7 3
5.45454545455 7 3
18.1753521127 1 1
0.286713286713 6 4
0.182978723404 10 1
0.211453744493 0 0
12.15 11 4
0.719387755102 3 1
0.538875799394 14 2
5.19950738916 5 5
0.867021276596 10 1
2.30045454545 3 3
8.85887096774 3 2
1.30769230769 10 2
0.181978798587 10 0
5.19950738916 5 5
310.251851852 5 0
1.30769230769 10 2
0.010989010989 0 0
0.245762711864 5 3
0.08 0 0
0.525 1 3
0.688044338876 5 2
130.44 1 1
2.40579710145 10 1
0.094674556213 5 2
0.101040118871 6 6
0.274418604651 8 4
0.315789473684 3 3
0.431506849315 6 2
22.0128205128 1 0
0.910586300082 12 0
1.54697986577 10 1
0.5 16 1
0.276729559748 7 4
0.310469314079 3 1
3.55102040816 2 4
0.470588235294 20 0
1.54697986577 10 1
0.898246373674 5 6
0.46875 9 3
0.461089494163 8 5
0.435816164818 6 4
4.43902439024 20 0
7.83062330623 5 1
0.85549132948 5 5
0.811023622047 10 2
1.6757457847 20 0
872.556818182 3 4
884.797468354 6 4
0.376811594203 12 3
22738.2039801 3 7
4.24321959755 8 0
0.52397260274 0 0
3.12137006701 4 0
465.8 4 2
3.78111587983 1 1
0.734375 2 5
465.8 4 2
0.0 0 0
0.0149812734082 3 1
0.537537537538 20 0
0.235494880546 1 1
0.540768509841 7 2
0.441473559121 8 2
0.0149812734082 3 1
0.25138121547 9 1
3.12137006701 4 0
0.377551020408 3 3
3.20696142992 3 0
0.106382978723 4 1
2.34939759036 7 2
1.0 8 0
0.813753581662 9 2
5.48818897638 11 0
24.5841924399 6 1
0.68402574605 4 0
1.85108461194 8 5
2.67826086957 5 2
0.866310160428 3 3
952508.0 9 0
1.51628664495 4 1
465.8 4 2
1.15989159892 19 0
1.51628664495 4 1
1.51628664495 4 1
0.866310160428 3 3
1.51628664495 4 1
1.51628664495 4 1
1.51628664495 4 1
7.15049928673 9 4
36.0054644809 11 3
0.25 0 0
0.403225806452 4 0
0.866310160428 3 3
0.570929070929 6 5
0.741550695825 2 3
0.157088122605 3 0
1.4340505145 12 0
4.1796875 7 2
2.37320574163 10 2
0.609000368868 9 5
0.502139800285 2 0
0.287449392713 2 1
1.32462686567 4 2
0.648936170213 6 4
0.620689655172 9 1
1.1734939759 8 2
16.0172413793 8 5
3.12424108857 5 3
0.432098765432 8 3
517857.35 8 4
9897.3974026 5 3
11.1688311688 6 3
0.396092362345 5 1
0.4 7 5
0.0524344569288 4 3
1.52 14 1
0.580717488789 2 3
185.7 8 6
0.295409181637 7 3
0.0837606837607 2 0
0.0705693664796 11 2
0.666666666667 5 3
1.41489361702 4 3
43.4704861111 6 5
42.5479115479 9 5
1.31210191083 10 1
77.0 12 0
1.54545454545 11 4
0.870646766169 4 2
0.219576719577 10 2
0.636363636364 7 4
5.19565217391 5 4
0.890977443609 0 1
1.22483412322 1 0
0.134615384615 5 3
1.64371257485 7 1
0.9375 4 0
0.102362204724 1 2
1.61956521739 4 5
0.0666666666667 1 2
390.333333333 0 0
1.64383561644 6 1
0.571428571429 4 1
43.75 8 2
209.030555556 11 1
0.68992248062 0 0
1.3184079602 7 2
0.0625 0 0
85.4376899696 11 1
2.86825980392 1 2
0.0612244897959 10 0
0.0687022900763 0 0
0.273417721519 9 3
5.97142857143 7 0
6.24305555556 6 3
0.167400881057 6 5
1.37908496732 6 4
0.0612244897959 7 0
0.605633802817 1 4
1.31775700935 7 5
1.21645021645 8 3
17.2996515679 11 4
1.98885793872 20 0
598.596112311 1 0
1.64371257485 7 1
0.901734104046 17 0
8.72887323944 4 0
0.0687022900763 0 0
0.156797331109 10 1
5.43297380586 10 3
14.2956298201 6 0
3.12137006701 4 0
1.14238410596 2 1
0.520618556701 5 4
0.79754601227 20 0
0.922178988327 7 3
2.54237288136 6 4
43.4704861111 6 5
3.19526627219 10 0
11178.425 5 4
1.20689655172 6 2
10.1469855506 6 11
11.4996111975 7 2
2.54237288136 6 4
43.4704861111 6 5
0.643537414966 9 4
1.69729425028 7 3
11.487804878 4 3
7.26829268293 7 2
3.12137006701 5 0
1.97959183673 13 2
0.267326732673 5 2
0.402272727273 10 1
7.26829268293 7 2
9897.4 5 2
0.75 9 2
2.25 5 0
0.204761904762 7 3
0.0403225806452 0 0
4.24365704287 8 0
0.401132404181 12 4
3.2 0 0
0.401132404181 12 4
0.0524344569288 4 3
3.27516778523 8 2
5.45454545455 10 1
0.338028169014 7 7
0.642857142857 3 0
0.0307692307692 8 1
134.724252492 5 1
0.0524344569288 4 3
0.264705882353 8 1
2.59370314843 1 2
0.407407407407 3 1
0.142857142857 1 0
1.14285714286 6 4
0.886363636364 2 2
102.607954545 3 1
598.602591793 1 0
0.690476190476 5 1
0.320512820513 2 0
1.95303867403 8 4
5.391184573 10 0
4.655 1 0
0.434108527132 7 4
90.3076923077 5 6
0.609930893268 5 1
0.916666666667 6 2
0.645390070922 6 4
0.116856950974 4 0
0.144291091593 6 0
0.490384615385 8 0
0.461038961039 9 0
19.3521581283 8 4
0.0571428571429 1 0
0.0571428571429 1 0
0.0571428571429 1 0
0.407407407407 3 1
0.0571428571429 1 0
1.39375 4 1
0.0571428571429 1 0
3.45652173913 9 5
1.14440433213 11 1
34.8492063492 3 3
2.75434782609 8 1
0.113590263692 7 0
3.97085201794 5 3
1.04651162791 2 5
0.630434782609 6 4
44.2481315396 10 4
0.0 1 0
0.630434782609 6 4
22.6442307692 2 1
872.590909091 3 4
0.420851267336 4 3
0.0894632206759 7 4
980.75 4 0
0.17032967033 3 0
1.0 0 0
1.95303867403 8 4
0.0736975857687 8 1
5.68584070796 8 3
0.22972972973 1 0
2.32629107981 6 5
0.778177458034 4 1
0.214463840399 12 1
0.188087774295 8 3
0.0691399662732 3 0
1.31696428571 2 0
390.333333333 0 0
0.448 4 1
1.45150501672 4 6
5.02259887006 2 1
980.75 4 0
19.3541202673 9 2
43.4661654135 6 1
18980.0857143 0 0
0.216589861751 5 1
980.75 4 0
0.350597609562 7 2
1.27374301676 7 5
0.258341277407 0 0
0.406840875292 6 3
0.304347826087 4 1
0.767810026385 7 4
5.71052631579 5 3
517858.75 7 4
0.102857142857 6 1
0.451313755796 2 0
167.259259259 2 1
3.14814814815 20 0
6.33841463415 3 0
20.478030303 4 0
1.10181818182 7 3
1.76315789474 8 4
0.577651515152 6 6
0.666666666667 5 2
0.571428571429 0 1
18.1617647059 2 1
4.64821428571 5 4
11178.5 6 4
1875.74628345 7 4
0.153203342618 6 2
0.508580343214 5 0
1.47509765625 0 0
0.174358974359 6 0
0.176029962547 2 1
0.153203342618 6 2
0.89880952381 10 3
0.5 1 0
0.273402674591 1 0
0.167832167832 0 0
2.43710021322 10 1
4881.98860399 4 1
1.36179450072 4 1
0.25 1 0
33.5967213115 0 0
1.17453980927 8 1
1.20512820513 5 5
2.77777777778 8 1
0.21409921671 5 4
0.339768339768 6 1
517862.45 7 4
1.08545034642 6 2
0.0 11 0
0.352272727273 3 2
71.5652173913 0 0
1.11462450593 0 0
980.75 4 0
1.02325581395 4 4
1.11462450593 0 0
0.21 3 0
102.543352601 0 0
71.5652173913 0 0
1.11462450593 0 0
0.577651515152 6 6
1.33236151603 9 4
0.242144177449 5 5
0.331938633194 6 3
3.4262295082 4 3
0.131578947368 2 4
0.684210526316 7 2
4.96610169492 8 7
0.684343434343 5 1
0.351473922902 1 2
0.946428571429 0 0
0.123711340206 6 2
1.93939393939 8 4
51.4101040119 14 2
0.470588235294 20 0
0.169014084507 6 5
149.859649123 0 0
1.0170212766 6 5
15.1253229974 8 1
4.26701570681 6 3
3.12432639945 7 2
20.6354166667 4 0
0.451313755796 2 0
20.478030303 4 0
0.212121212121 10 2
1.8 8 1
1.12426035503 0 0
1.59459459459 10 6
1.06802721088 13 2
0.212145748988 8 1
517859.25 7 3
0.675990675991 8 2
1875.74628345 7 4
2.06001188354 10 3
2.50294117647 1 1
0.549180327869 8 2
0.216911764706 14 1
8.89225589226 6 10
15.3056994819 1 0
0.759894459103 3 2
0.278563656148 0 1
2.328125 3 1
0.596638655462 5 7
0.311926605505 1 1
0.0649188514357 9 3
10.1291666667 4 4
3.67017828201 6 1
0.184466019417 3 6
17.7037037037 9 2
0.0410256410256 3 0
1.65882352941 8 1
250.285714286 5 4
0.949438202247 2 1
0.206106870229 8 2
0.289617486339 1 0
0.184466019417 3 6
6.2 7 1
0.0970873786408 1 0
32.3026315789 1 0
598.622030238 2 1
0.62443438914 12 1
0.0 5 3
2.03909643788 6 2
2.52710843373 0 0
38.7 1 0
0.309275521405 1 2
0.724770642202 6 0
0.410714285714 10 1
0.368421052632 9 1
7.36666666667 4 3
2.8416988417 1 0
2.00921658986 5 4
1.0 7 4
640.11440678 8 3
0.884615384615 5 0
1.91489361702 8 7
0.100502512563 9 1
0.724770642202 6 0
310.248148148 5 0
25.0747663551 10 3
0.259388850012 5 2
0.642857142857 3 0
14.8717948718 5 3
1.0 0 0
0.336617405583 0 1
0.021676300578 10 1
0.140845070423 16 1
0.724770642202 6 0
102.779220779 0 2
34.5 2 4
0.160714285714 3 8
0.484375 2 0
230.19047619 1 2
43.4691729323 6 1
0.344155844156 13 1
2.76506024096 3 0
133.129032258 2 1
1.53488372093 2 3
0.598108747045 9 1
43.4691729323 6 1
0.586206896552 3 4
0.724770642202 6 0
1.5597826087 7 1
11178.675 5 3
0.307692307692 9 1
0.177011494253 6 3
15.1883767535 4 2
0.358490566038 8 1
0.254237288136 8 1
0.365914786967 6 7
0.541666666667 5 3
1.52380952381 8 5
0.78275862069 6 1
0.436928702011 8 1
0.539345490882 5 0
0.495513459621 1 2
0.0925266903915 8 4
0.850220264317 4 2
